0 0.437445 0.22312 0.0856722 0.131402
0 0.910368 0.382428 0.175939 0.221865
0 0.157054 0.237304 0.0377429 0.116807
0 0.585134 0.238023 0.0556105 0.151508
0 0.300153 0.235831 0.0592177 0.172145
0 0.233465 0.214821 0.0757004 0.126744
0 0.675766 0.213968 0.0651473 0.0887051
0 0.752194 0.318597 0.0946431 0.133683
0 0.843245 0.239777 0.0764816 0.102359
0 0.233902 0.215495 0.0761101 0.127274
0 0.843457 0.23953 0.0759403 0.101777
0 0.957447 0.42042 0.0845987 0.14555
0 0.956813 0.446265 0.08463 0.0973949
0 0.752471 0.318852 0.0940001 0.132961
0 0.617259 0.217717 0.044305 0.104669