0 0.439019 0.342715 0.0829264 0.128946
0 0.909036 0.502896 0.181107 0.225988
0 0.588028 0.357824 0.0657969 0.144809
0 0.747091 0.43515 0.0906528 0.123412
0 0.674092 0.332925 0.0580645 0.0836777
0 0.837421 0.359534 0.0782543 0.0989032
0 0.291246 0.353134 0.0775748 0.156526
0 0.236951 0.338175 0.0721799 0.127859
0 0.984924 0.360119 0.0295372 0.0882048
0 0.168291 0.359297 0.0461324 0.113892
0 0.956811 0.360833 0.0348248 0.0794873
0 0.956298 0.359915 0.0344227 0.0781498
0 0.167921 0.359328 0.0453233 0.113086
0 0.2366 0.337717 0.0722643 0.127261
0 0.236412 0.337834 0.072003 0.127148
0 0.167381 0.359027 0.0455168 0.112013