0 0.158553 0.264705 0.114917 0.277574
0 0.443865 0.198874 0.0673326 0.197628
0 0.273888 0.224243 0.13833 0.246245
0 0.674682 0.158066 0.0856714 0.146819
0 0.342287 0.228249 0.108948 0.286786
0 0.224694 0.130238 0.0791985 0.0881433
0 0.0145471 0.163117 0.0289386 0.151496
0 0.490139 0.130603 0.0393876 0.0916256
0 0.568147 0.196709 0.0328817 0.133391
0 0.781969 0.165714 0.0669266 0.150086
0 0.763785 0.165451 0.102822 0.150916
0 0.341082 0.167771 0.10542 0.16404
0 0.967917 0.14827 0.0637699 0.128957