0 0.0864775 0.304738 0.125223 0.259557
0 0.214405 0.28727 0.131603 0.276861
0 0.630821 0.178413 0.0945768 0.169705
0 0.16116 0.230222 0.086493 0.234882
0 0.734854 0.198863 0.0794592 0.156447
0 0.161242 0.157749 0.0859377 0.0893538
0 0.719916 0.19917 0.109855 0.162257
0 0.502474 0.236266 0.03662 0.136436
0 0.271045 0.207114 0.0625236 0.135923
0 0.958312 0.189267 0.0710243 0.194137
0 0.431294 0.163046 0.041579 0.118519
0 0.40483 0.227093 0.0690393 0.183933
0 0.302418 0.192714 0.0700365 0.163633
0 0.431408 0.163634 0.0415004 0.119567
0 0.388768 0.227046 0.100323 0.18534