0 0.0809194 0.442655 0.115013 0.264686
0 0.627937 0.333901 0.0937673 0.171101
0 0.737476 0.359742 0.0892714 0.157608
0 0.955391 0.359332 0.0675428 0.18844
0 0.303675 0.345017 0.0972665 0.18811
0 0.209945 0.431449 0.136767 0.283004
0 0.912836 0.33401 0.0593561 0.148735
0 0.41563 0.360754 0.0611145 0.196038
0 0.160225 0.367032 0.0826116 0.235438
0 0.160168 0.316184 0.0831434 0.137499
0 0.501313 0.386375 0.0320381 0.132361
0 0.774999 0.24436 0.0177966 0.0789503
0 0.788981 0.249039 0.017658 0.0703536