0 0.0787403 0.368917 0.121046 0.265526
0 0.206302 0.352528 0.137079 0.282969
0 0.728913 0.264591 0.0828893 0.155727
0 0.289166 0.258487 0.0997118 0.176259
0 0.623024 0.257123 0.0933457 0.147376
0 0.889474 0.233525 0.0885723 0.150123
0 0.408015 0.282946 0.0570414 0.184869
0 0.154769 0.290531 0.0879127 0.234885
0 0.944941 0.254224 0.0774508 0.190467
0 0.155627 0.22478 0.0893359 0.101823
0 0.498114 0.300297 0.0364576 0.135256
0 0.425002 0.225889 0.0405803 0.120648
0 0.611829 0.243215 0.0717995 0.170406
0 0.613672 0.181498 0.0669319 0.0482308