0 0.0912053 0.418447 0.112495 0.271147
0 0.758637 0.337774 0.0996108 0.160118
0 0.220902 0.398137 0.136761 0.273055
0 0.628436 0.309101 0.117156 0.169907
0 0.427502 0.34758 0.0544634 0.184962
0 0.323337 0.313048 0.11656 0.177477
0 0.969195 0.330907 0.0605415 0.173193
0 0.170114 0.286054 0.0803462 0.126744
0 0.513224 0.364138 0.0340679 0.136272
0 0.441621 0.282306 0.038209 0.112864
0 0.930271 0.309198 0.0622826 0.146841
0 0.80693 0.220711 0.0167582 0.0770661
0 0.791885 0.220387 0.0165581 0.0783789
0 0.949299 0.320182 0.10068 0.171651