0 0.0703 0.424094 0.136495 0.280547
0 0.765698 0.304271 0.114482 0.161736
0 0.622542 0.281732 0.110611 0.176297
0 0.960987 0.289474 0.0685045 0.19018
0 0.349033 0.300164 0.0876673 0.155518
0 0.917138 0.265005 0.0634043 0.141833
0 0.173208 0.356484 0.0956178 0.209425
0 0.146504 0.272803 0.0714876 0.116192
0 0.406607 0.326679 0.0526781 0.205395
0 0.217481 0.406407 0.0810664 0.284955
0 0.497582 0.344153 0.0319014 0.144002
0 0.279999 0.285819 0.0648035 0.154543
0 0.152775 0.344466 0.0641387 0.236898
0 0.797023 0.179356 0.0274221 0.0776254