0 0.845074 0.401012 0.12123 0.168802
0 0.697135 0.378139 0.108747 0.176917
0 0.135385 0.522084 0.113163 0.274257
0 0.28532 0.50978 0.0832417 0.27906
0 0.339662 0.386304 0.0925434 0.153399
0 0.983611 0.370189 0.0318153 0.167408
0 0.563872 0.435883 0.0328554 0.132115
0 0.884428 0.269691 0.0200764 0.0825727
0 0.238378 0.43834 0.0990583 0.179554
0 0.450794 0.413689 0.141356 0.200536
0 0.48104 0.417362 0.0835175 0.20451
0 0.443437 0.395442 0.125015 0.15532
0 0.228647 0.424307 0.0821612 0.213027
0 0.984288 0.404031 0.030954 0.236621