0 0.852596 0.320348 0.129622 0.170735
0 0.701062 0.290999 0.116053 0.179882
0 0.126681 0.418923 0.13232 0.278211
0 0.314277 0.395933 0.144655 0.252339
0 0.352933 0.322188 0.0805542 0.221077
0 0.226342 0.351817 0.102331 0.202283
0 0.987426 0.288077 0.02467 0.138305
0 0.516953 0.297176 0.103559 0.154469
0 0.241398 0.237833 0.0759324 0.0572917
0 0.468496 0.324723 0.0669079 0.193966
0 0.346214 0.301249 0.0691837 0.178219
0 0.559954 0.35016 0.0349426 0.153006
0 0.502588 0.31865 0.131355 0.196408
0 0.916828 0.189957 0.0242355 0.077735
0 0.916824 0.189896 0.0241646 0.0762583