0 0.0663422 0.392246 0.132645 0.290087
0 0.644888 0.254517 0.120617 0.178383
0 0.79385 0.279885 0.133319 0.166423
0 0.266034 0.367468 0.141008 0.265264
0 0.405972 0.294407 0.0532386 0.180935
0 0.172128 0.320618 0.0990031 0.204077
0 0.459031 0.255826 0.0913113 0.150655
0 0.960186 0.262582 0.0785255 0.199644
0 0.280135 0.262287 0.112288 0.168409
0 0.862029 0.146925 0.0243574 0.083125
0 0.184812 0.205084 0.0771521 0.0645806
0 0.503126 0.276976 0.0640316 0.174049
0 0.427161 0.19117 0.0340019 0.0397502