0 0.077276 0.361167 0.154172 0.229747
0 0.496505 0.362549 0.203348 0.251105
0 0.257818 0.287943 0.11409 0.136756
0 0.417019 0.294165 0.0915369 0.162538
0 0.680154 0.279614 0.065022 0.194722
0 0.352917 0.259035 0.0442991 0.124379
0 0.887336 0.292102 0.0742619 0.171867
0 0.015047 0.467567 0.0298609 0.130278
0 0.97786 0.154953 0.0182495 0.0748301
0 0.511606 0.220454 0.0626657 0.0569283
0 0.977343 0.314692 0.0442701 0.206148
0 0.211742 0.269696 0.128316 0.155777
0 0.180727 0.268658 0.0648483 0.154964
0 0.991927 0.155269 0.0153423 0.0672552
0 0.957231 0.259408 0.0438133 0.149525