0 0.529535 0.361039 0.208224 0.257227
0 0.178785 0.276611 0.085058 0.15579
0 0.903166 0.290889 0.0632078 0.183177
0 0.262066 0.275822 0.108918 0.162551
0 0.0794667 0.377943 0.158437 0.250045
0 0.359096 0.26269 0.0473766 0.127349
0 0.68901 0.280388 0.0705713 0.191534
0 0.974999 0.297715 0.0489506 0.232806
0 0.525003 0.216314 0.0545998 0.0490738
0 0.673742 0.278661 0.101104 0.193817
0 0.0269098 0.451692 0.0536081 0.179197
0 0.460673 0.245296 0.0739288 0.0810493
0 0.966078 0.249022 0.0350708 0.141714