0 0.43578 0.357738 0.143381 0.256115
0 0.608647 0.280126 0.0976272 0.181166
0 0.13735 0.277629 0.0938198 0.178454
0 0.241842 0.262976 0.0529332 0.126977
0 0.887153 0.299161 0.0882652 0.231592
0 0.781126 0.294271 0.0564116 0.174256
0 0.0548543 0.269056 0.0915378 0.145677
0 0.362392 0.296313 0.0501889 0.172787
0 0.420131 0.213911 0.0468659 0.0452437
0 0.906317 0.157426 0.0162193 0.0729154
0 0.0306475 0.399484 0.061295 0.158384
0 0.0191116 0.40437 0.0380361 0.147951
0 0.88956 0.154908 0.0152077 0.0681996