0 0.0646245 0.331922 0.128454 0.179131
0 0.255856 0.360008 0.168916 0.174165
0 0.439625 0.303569 0.0770619 0.187672
0 0.927736 0.245902 0.0604984 0.177618
0 0.633538 0.3334 0.143468 0.248614
0 0.172188 0.28519 0.0428821 0.13357
0 0.515899 0.272516 0.0584324 0.164403
0 0.243162 0.237268 0.0541542 0.0832759
0 0.570561 0.291798 0.067506 0.189076
0 0.311384 0.265682 0.0618388 0.153334
0 0.309844 0.244277 0.0562407 0.112499
0 0.464043 0.225213 0.0395265 0.097331
0 0.462834 0.243135 0.0374758 0.129737
0 0.409917 0.225679 0.0348536 0.078294
0 0.214626 0.291447 0.0656488 0.126976