0 0.249882 0.295849 0.119202 0.180627
0 0.437627 0.327621 0.151202 0.1665
0 0.612261 0.285703 0.0924757 0.190403
0 0.330175 0.252034 0.05987 0.167528
0 0.544237 0.259311 0.0508347 0.164172
0 0.458291 0.225668 0.0630245 0.0653697
0 0.263766 0.188681 0.0472132 0.0445619
0 0.877009 0.311885 0.152027 0.212042
0 0.429923 0.208311 0.0353247 0.0787659
0 0.212368 0.215473 0.0559581 0.0609575
0 0.0139361 0.307769 0.0276701 0.117916
0 0.467712 0.218797 0.082029 0.0826316
0 0.485605 0.212138 0.0415382 0.0904532
0 0.938757 0.251329 0.0449509 0.159822