0 0.269648 0.313969 0.116461 0.195394
0 0.90525 0.32455 0.157847 0.243046
0 0.632707 0.312899 0.0895123 0.192757
0 0.0292766 0.302761 0.058143 0.178203
0 0.476874 0.345385 0.14328 0.157238
0 0.506236 0.237466 0.0477937 0.0891417
0 0.558402 0.28244 0.06443 0.156227
0 0.478429 0.250299 0.0580595 0.0647703
0 0.450408 0.232271 0.0353683 0.0780631
0 0.286391 0.212713 0.0471452 0.0424331
0 0.353497 0.271073 0.0551851 0.165193
0 0.232787 0.289673 0.0523337 0.16132
0 0.351281 0.293425 0.0566382 0.128731