0 0.0756137 0.355369 0.151081 0.185646
0 0.36828 0.353498 0.113138 0.190544
0 0.963395 0.355579 0.0721684 0.199198
0 0.437716 0.31282 0.0521984 0.169572
0 0.634038 0.378053 0.15774 0.157335
0 0.727935 0.333155 0.102132 0.192626
0 0.56061 0.346703 0.0664879 0.196094
0 0.644099 0.270511 0.0726933 0.0822288
0 0.371778 0.252896 0.0498326 0.0417663
0 0.533627 0.298501 0.0355165 0.151188
0 0.589066 0.262702 0.0410296 0.0826999
0 0.319521 0.3118 0.0635745 0.119814
0 0.340843 0.310125 0.10744 0.127055
0 0.708645 0.333397 0.0626064 0.185584