0 0.26947 0.428772 0.127011 0.203868
0 0.0441168 0.420773 0.0877505 0.193985
0 0.482619 0.425334 0.064012 0.204584
0 0.64618 0.416327 0.0968316 0.217832
0 0.734002 0.452819 0.143707 0.185368
0 0.929946 0.443895 0.135667 0.21505
0 0.564398 0.374867 0.0595741 0.156046
0 0.507777 0.356119 0.0452972 0.138907
0 0.287655 0.317177 0.0629482 0.0519755
0 0.351754 0.372466 0.06527 0.162204
0 0.224533 0.370257 0.0543249 0.118684
0 0.446105 0.34854 0.0413797 0.119616
0 0.933683 0.364208 0.132158 0.166075
0 0.931666 0.404575 0.135759 0.253507
0 0.980172 0.362956 0.0391582 0.17326
0 0.437172 0.349175 0.0588427 0.117587