0 0.925395 0.255712 0.148405 0.218971
0 0.0510514 0.226555 0.101814 0.199472
0 0.288344 0.237721 0.122252 0.205608
0 0.782139 0.258689 0.136089 0.189909
0 0.676489 0.224204 0.100056 0.219892
0 0.363933 0.184935 0.0551819 0.170261
0 0.509564 0.234362 0.0700638 0.212921
0 0.591938 0.186848 0.0569803 0.16542
0 0.468441 0.158833 0.0380065 0.125346
0 0.239549 0.172103 0.049212 0.105603
0 0.556367 0.190738 0.0249692 0.110518
0 0.23979 0.199708 0.0494932 0.165964
0 0.304578 0.121555 0.0547302 0.0443439
0 0.526918 0.132198 0.0436361 0.0722613
0 0.297175 0.120034 0.0386833 0.0431267