0 0.91749 0.354937 0.16454 0.247721
0 0.243628 0.361567 0.154656 0.209522
0 0.622694 0.342632 0.127539 0.225585
0 0.728863 0.371041 0.154492 0.211094
0 0.458197 0.339981 0.103573 0.221612
0 0.373615 0.27033 0.0386375 0.128608
0 0.513862 0.293455 0.0635254 0.160858
0 0.153923 0.361994 0.0758665 0.207565
0 0.132766 0.289848 0.0521042 0.101996
0 0.423413 0.288186 0.0412233 0.159494
0 0.267652 0.259461 0.0514659 0.0927733
0 0.211104 0.241473 0.0595083 0.0528375
0 0.944713 0.219099 0.0544987 0.0768436