0 0.0559023 0.373155 0.111379 0.205966
0 0.402476 0.360332 0.133475 0.207094
0 0.299725 0.367819 0.0726928 0.200629
0 0.884138 0.371855 0.159502 0.222191
0 0.782648 0.346602 0.149737 0.236498
0 0.273191 0.310773 0.046255 0.124213
0 0.510627 0.276648 0.042935 0.126958
0 0.573726 0.353131 0.107519 0.223706
0 0.556855 0.246744 0.0451317 0.0648955
0 0.353087 0.268429 0.0507338 0.089453
0 0.995092 0.286727 0.00908241 0.0449967
0 0.400956 0.242946 0.0473425 0.0472254
0 0.60141 0.348174 0.160836 0.234036
0 0.654836 0.301303 0.0657946 0.169925