0 0.870235 0.352133 0.0975018 0.209932
0 0.263914 0.343009 0.0789202 0.203411
0 0.733474 0.310048 0.0971134 0.219634
0 0.380252 0.331183 0.122326 0.210478
0 0.0367128 0.350256 0.0727859 0.201321
0 0.515249 0.259611 0.0438936 0.142197
0 0.56661 0.322202 0.103635 0.226223
0 0.230963 0.301836 0.0491401 0.160763
0 0.966773 0.344055 0.0654018 0.243043
0 0.464766 0.258089 0.0384216 0.136695
0 0.979645 0.343703 0.0401424 0.240698
0 0.610313 0.280497 0.0591027 0.176598
0 0.311947 0.284987 0.0478418 0.175987
0 0.356698 0.215652 0.0443766 0.0428346