0 0.839698 0.300757 0.0786591 0.193935
0 0.652067 0.328853 0.108233 0.220021
0 0.44711 0.328098 0.119056 0.201162
0 0.959653 0.349304 0.0797791 0.197182
0 0.573217 0.26326 0.0482465 0.138852
0 0.0654485 0.328625 0.129809 0.212868
0 0.529623 0.257215 0.0403402 0.132493
0 0.336259 0.332707 0.0723745 0.208161
0 0.303012 0.290242 0.0448894 0.147631
0 0.692638 0.289292 0.0820469 0.187167
0 0.399187 0.273241 0.0823705 0.162167
0 0.681246 0.278049 0.0578012 0.164159
0 0.678307 0.255149 0.050756 0.11648