0 0.866956 0.544402 0.125475 0.208319
0 0.57071 0.538328 0.101388 0.150096
0 0.732947 0.533676 0.107995 0.195556
0 0.20083 0.612332 0.0600023 0.181624
0 0.144612 0.675795 0.0926969 0.209502
0 0.367647 0.593415 0.0660261 0.172769
0 0.305518 0.574322 0.0557959 0.140506
0 0.780715 0.506865 0.0688634 0.201813
0 0.43222 0.554964 0.0640334 0.146283
0 0.0880106 0.642369 0.0585404 0.175076
0 0.0880974 0.641973 0.0582957 0.172429
0 0.305774 0.574455 0.0571076 0.139883
0 0.417402 0.557225 0.0932646 0.151982