0 0.647783 0.44163 0.0991157 0.149745
0 0.34956 0.474412 0.0515129 0.174406
0 0.532199 0.501469 0.0532907 0.179348
0 0.282764 0.450974 0.0436004 0.141533
0 0.105004 0.523417 0.081211 0.210373
0 0.484553 0.438834 0.0689629 0.104836
0 0.188092 0.471805 0.0672487 0.181319
0 0.430322 0.448783 0.0442301 0.155548
0 0.749246 0.459751 0.119681 0.214119
0 0.732023 0.462878 0.0863215 0.206795
0 0.409525 0.450482 0.0837382 0.153131
0 0.784532 0.412716 0.0571961 0.132255
0 0.126696 0.483763 0.0803166 0.17079
0 0.210157 0.472446 0.112823 0.183369