0 0.841174 0.510182 0.146525 0.224041
0 0.728021 0.480459 0.0980587 0.151802
0 0.506508 0.468548 0.0435978 0.152561
0 0.423789 0.48112 0.0539147 0.177404
0 0.180256 0.510466 0.081741 0.202045
0 0.552259 0.465301 0.0628544 0.110514
0 0.362399 0.458108 0.042338 0.147434
0 0.598394 0.520983 0.0466387 0.166031
0 0.0332444 0.517275 0.0662101 0.204186
0 0.280979 0.449151 0.0769488 0.155132
0 0.258026 0.472782 0.0650546 0.184005
0 0.217795 0.475081 0.0581078 0.180106
0 0.272281 0.465787 0.0700572 0.180581
0 0.290995 0.443686 0.0626389 0.145004
0 0.468516 0.47931 0.0537709 0.0486944