0 0.120488 0.451931 0.0792897 0.205324
0 0.774873 0.481958 0.145031 0.191833
0 0.368152 0.427429 0.0484967 0.174479
0 0.668485 0.437583 0.079343 0.149044
0 0.30977 0.401138 0.0409996 0.133495
0 0.499353 0.418961 0.0591345 0.114762
0 0.446815 0.421737 0.0454827 0.156664
0 0.551731 0.451578 0.0425529 0.147752
0 0.447679 0.421791 0.0451944 0.155284
0 0.497598 0.418327 0.0632017 0.112217
0 0.551582 0.451329 0.0426673 0.150415
0 0.802324 0.393217 0.041161 0.0680857
0 0.262066 0.41353 0.0897913 0.161271
0 0.210645 0.41079 0.0728257 0.179138