0 0.0721346 0.503339 0.0869642 0.206704
0 0.754009 0.520514 0.109013 0.198507
0 0.323428 0.474934 0.0492402 0.175539
0 0.166539 0.459291 0.0728656 0.187662
0 0.220901 0.465347 0.120112 0.169845
0 0.45227 0.462453 0.0672983 0.11349
0 0.624419 0.47837 0.0771139 0.147184
0 0.69904 0.470142 0.0656005 0.133094
0 0.401606 0.46401 0.0467867 0.149223
0 0.264625 0.425271 0.0404918 0.0895237
0 0.753972 0.420783 0.0418538 0.0419088
0 0.508689 0.497844 0.0399919 0.151392
0 0.508433 0.498049 0.0389069 0.151115
0 0.710702 0.470399 0.0433476 0.135472