0 0.340741 0.336269 0.148252 0.196989
0 0.158015 0.33018 0.107839 0.193333
0 0.945176 0.297172 0.103239 0.176325
0 0.553325 0.314628 0.086228 0.14956
0 0.43656 0.308541 0.133638 0.160817
0 0.0482403 0.359175 0.0960297 0.183694
0 0.96203 0.280688 0.0752279 0.191018
0 0.619534 0.291605 0.0603226 0.148888
0 0.236126 0.313511 0.0724394 0.14472
0 0.676252 0.264622 0.0491848 0.128191
0 0.00804891 0.434383 0.0160978 0.109186
0 0.324631 0.230199 0.0703018 0.037574
0 0.962102 0.198986 0.0732166 0.0358098