0 0.392852 0.449055 0.146217 0.199944
0 0.60407 0.446074 0.0849016 0.148123
0 0.209919 0.427915 0.0996776 0.192644
0 0.665062 0.427759 0.0602277 0.143304
0 0.088185 0.454637 0.122226 0.195659
0 0.730792 0.413145 0.0454963 0.129021
0 0.287302 0.414807 0.0674485 0.135067
0 0.378229 0.347917 0.0680741 0.0474258
0 0.464535 0.440008 0.066971 0.126398
0 0.482447 0.429811 0.111019 0.157753
0 0.479895 0.403738 0.10415 0.110145
0 0.960585 0.457477 0.0777367 0.195466
0 0.971946 0.46477 0.0558071 0.180324
0 0.809991 0.514326 0.0222029 0.0282941