0 0.366444 0.345442 0.14363 0.208741
0 0.0552217 0.346023 0.108361 0.204539
0 0.62266 0.353541 0.129852 0.150286
0 0.967411 0.370715 0.0640862 0.172915
0 0.719757 0.317813 0.0606784 0.135325
0 0.192559 0.331195 0.116133 0.174703
0 0.265194 0.311888 0.0622657 0.148336
0 0.482257 0.325666 0.11936 0.159081
0 0.351878 0.241637 0.0692149 0.0494076
0 0.632228 0.298411 0.0991974 0.0894303
0 0.182682 0.252948 0.0987082 0.0642907
0 0.972807 0.281624 0.0534531 0.0386864
0 0.968441 0.285662 0.0631182 0.0481649