0 0.361108 0.409824 0.132113 0.206181
0 0.967712 0.427242 0.0639894 0.164944
0 0.195479 0.387589 0.131473 0.195283
0 0.518769 0.398631 0.107957 0.163512
0 0.057698 0.414749 0.103952 0.207331
0 0.727845 0.376142 0.083283 0.129933
0 0.69734 0.422572 0.0995804 0.152404
0 0.266631 0.377992 0.0610718 0.146539
0 0.622092 0.418831 0.0738658 0.134845
0 0.97873 0.33941 0.0419174 0.0372643
0 0.621212 0.341789 0.0706076 0.0501314
0 0.369512 0.310746 0.0540916 0.0534091
0 0.618439 0.385511 0.0761477 0.140346