0 0.319463 0.456938 0.111795 0.157002
0 0.640518 0.464822 0.123487 0.167721
0 0.883142 0.484323 0.0849838 0.153987
0 0.777125 0.429698 0.0553546 0.125921
0 0.445414 0.486421 0.156332 0.204031
0 0.599413 0.449959 0.109924 0.149409
0 0.158183 0.480761 0.0875823 0.183958
0 0.471136 0.40499 0.0788115 0.0991979
0 0.10179 0.448642 0.0637258 0.108918
0 0.524525 0.481134 0.068273 0.0898953
0 0.994986 0.423326 0.00932674 0.0565677
0 0.570939 0.453069 0.0522604 0.141539
0 0.86975 0.507793 0.0578775 0.108071