0 0.365673 0.530517 0.16588 0.202661
0 0.798397 0.51188 0.0940098 0.151237
0 0.575457 0.501195 0.128284 0.158739
0 0.976896 0.486831 0.04501 0.157057
0 0.0820483 0.532866 0.112716 0.184399
0 0.211744 0.505145 0.13579 0.153531
0 0.942091 0.452977 0.0407871 0.129542
0 0.654315 0.460671 0.0607441 0.121782
0 0.496107 0.491367 0.0960283 0.154647
0 0.0199733 0.538236 0.0396563 0.164348
0 0.402984 0.483761 0.111779 0.159662
0 0.641898 0.46225 0.0842335 0.124421
0 0.39339 0.443926 0.0862223 0.0866647
0 0.309645 0.461624 0.0714331 0.0878197