0 0.799759 0.518406 0.085914 0.150543
0 0.361487 0.53248 0.148205 0.205365
0 0.198962 0.509276 0.123754 0.153177
0 0.566346 0.506404 0.11474 0.157598
0 0.642407 0.477201 0.0721973 0.145341
0 0.0764944 0.533083 0.112134 0.186324
0 0.400837 0.478964 0.109831 0.149216
0 0.973052 0.495896 0.0526932 0.149098
0 0.301591 0.509729 0.0899263 0.178135
0 0.493438 0.495116 0.0949754 0.151613
0 0.943612 0.464781 0.0398973 0.147186
0 0.0153188 0.527595 0.0305022 0.140178
0 0.387878 0.458022 0.0824393 0.108033
0 0.520474 0.496669 0.155928 0.158444