0 0.800413 0.523808 0.082473 0.149165
0 0.580654 0.516678 0.135231 0.159395
0 0.367315 0.544741 0.160991 0.201583
0 0.642898 0.47104 0.0750516 0.120071
0 0.194948 0.521273 0.123701 0.153669
0 0.493623 0.505473 0.0966482 0.158624
0 0.309684 0.518558 0.0741405 0.175269
0 0.976329 0.501863 0.0463989 0.156463
0 0.946387 0.482219 0.0415302 0.165716
0 0.378507 0.453467 0.0713048 0.0803609
0 0.0225657 0.548203 0.0447903 0.155021
0 0.434321 0.541506 0.04104 0.0809918
0 0.0938257 0.541028 0.10197 0.176176
0 0.0161119 0.531323 0.03161 0.117567
0 0.30897 0.481772 0.073235 0.100268