0 0.584732 0.527389 0.12889 0.176603
0 0.372606 0.54521 0.145466 0.207517
0 0.19306 0.524023 0.120355 0.153406
0 0.0938917 0.544955 0.100884 0.180726
0 0.495477 0.510098 0.0962238 0.158158
0 0.0225972 0.545709 0.0451228 0.161972
0 0.648444 0.476574 0.0952257 0.122474
0 0.799063 0.531021 0.0941002 0.152092
0 0.309009 0.522173 0.0922722 0.178029
0 0.382418 0.448702 0.0552966 0.0646165
0 0.340876 0.519575 0.145567 0.185961
0 0.799081 0.531178 0.0927449 0.15256
0 0.97918 0.507119 0.0409939 0.156944
0 0.38749 0.459076 0.0618797 0.0858654