0 0.187322 0.52769 0.121403 0.153329
0 0.579816 0.527521 0.129233 0.169455
0 0.369937 0.545774 0.149146 0.204889
0 0.490537 0.513386 0.100114 0.157188
0 0.0828992 0.554198 0.105811 0.190539
0 0.796382 0.533061 0.086362 0.151576
0 0.377863 0.449768 0.0516619 0.0585185
0 0.0160102 0.530171 0.0318838 0.10605
0 0.311332 0.528155 0.0835749 0.181813
0 0.959646 0.506179 0.0800068 0.154831
0 0.63437 0.480575 0.0768501 0.122895
0 0.633576 0.511893 0.077793 0.187056
0 0.434025 0.543742 0.0437508 0.0782303
0 0.339534 0.523194 0.136427 0.183136