0 0.794035 0.538522 0.0777813 0.152276
0 0.363811 0.552551 0.147421 0.202546
0 0.584439 0.531454 0.119872 0.169511
0 0.183222 0.531797 0.12054 0.157653
0 0.489678 0.515847 0.103296 0.155788
0 0.304664 0.52997 0.0839803 0.174114
0 0.371863 0.451464 0.0531135 0.056287
0 0.968942 0.513995 0.0611155 0.15438
0 0.942841 0.474891 0.0381641 0.123599
0 0.0690634 0.5464 0.13649 0.170439
0 0.628668 0.480486 0.07356 0.115972
0 0.0147195 0.53621 0.029439 0.111174
0 0.6284 0.516625 0.0747511 0.185788
0 0.0904871 0.547337 0.0938138 0.174126