0 0.587415 0.536321 0.11772 0.167624
0 0.492444 0.523115 0.10435 0.157856
0 0.0782104 0.558707 0.110674 0.179555
0 0.364805 0.557596 0.130337 0.203068
0 0.630491 0.492122 0.0838486 0.122156
0 0.195932 0.539028 0.153663 0.16225
0 0.7973 0.542338 0.0774383 0.150723
0 0.962558 0.50486 0.0737482 0.171839
0 0.286207 0.538071 0.124451 0.175956
0 0.376923 0.457581 0.0450664 0.0569005
0 0.014245 0.528107 0.0283231 0.0820407
0 0.797531 0.542443 0.077785 0.149733
0 0.0165073 0.543631 0.0329197 0.114396
0 0.350637 0.444978 0.0256371 0.0374613