0 0.162978 0.51571 0.102239 0.158491
0 0.599379 0.517564 0.11373 0.208197
0 0.0743504 0.540651 0.111656 0.182916
0 0.372625 0.540226 0.144349 0.203234
0 0.489953 0.507887 0.116147 0.156038
0 0.896078 0.464908 0.101098 0.117981
0 0.795864 0.527768 0.0793773 0.15242
0 0.357493 0.437856 0.0584451 0.0504908
0 0.313754 0.518321 0.145981 0.189489
0 0.959325 0.501485 0.0720493 0.150861
0 0.287249 0.518148 0.091855 0.179078
0 0.00832169 0.518352 0.0166434 0.100823
0 0.960496 0.501813 0.072971 0.151304
0 0.0156694 0.545122 0.0313388 0.157122