0 0.601263 0.369134 0.108747 0.128298
0 0.397222 0.411639 0.096497 0.155664
0 0.289243 0.449224 0.15661 0.197977
0 0.0316798 0.452134 0.0630331 0.181904
0 0.810527 0.384812 0.106804 0.146227
0 0.513804 0.425876 0.125044 0.165377
0 0.704545 0.417402 0.0667546 0.145393
0 0.888508 0.317323 0.0573448 0.0767633
0 0.18399 0.417359 0.102211 0.178688
0 0.476263 0.397731 0.0741818 0.165158
0 0.477775 0.362591 0.0692652 0.0913695
0 0.206803 0.434876 0.0624596 0.196448
0 0.720217 0.418024 0.0996513 0.146698