0 0.335318 0.567827 0.344069 0.413607
0 0.706282 0.485332 0.29953 0.314594
0 0.0874008 0.424712 0.174416 0.274411
0 0.949732 0.396011 0.0993982 0.197806
0 0.647203 0.359296 0.148097 0.193399
0 0.0445559 0.28698 0.0887813 0.0541746
0 0.363355 0.355304 0.183358 0.0741632
0 0.948989 0.338884 0.101261 0.159182
0 0.451581 0.290387 0.0994915 0.0757867
0 0.479505 0.331332 0.0593763 0.121903
0 0.410386 0.304445 0.194039 0.10716
0 0.402635 0.299426 0.181318 0.0767484
0 0.468195 0.328306 0.0813536 0.126093
0 0.378529 0.309801 0.133515 0.0610258