0 0.581877 0.492826 0.216559 0.319651
0 0.223797 0.58153 0.370919 0.409864
0 0.949875 0.469676 0.10025 0.236179
0 0.890281 0.402384 0.148148 0.198589
0 0.255782 0.40626 0.272968 0.143172
0 0.293741 0.326049 0.13958 0.0639182
0 0.579499 0.314115 0.136443 0.0712769
0 0.045797 0.510862 0.0910305 0.443155
0 0.886739 0.370288 0.14525 0.195328
0 0.0452354 0.43918 0.0900637 0.304482
0 0.384315 0.378007 0.11407 0.214132
0 0.885808 0.337006 0.142571 0.132709
0 0.236594 0.404056 0.232941 0.114194
0 0.377389 0.345079 0.0992032 0.149957