0 0.170588 0.602122 0.340768 0.401281
0 0.891284 0.486396 0.190182 0.231407
0 0.521032 0.513859 0.210812 0.32398
0 0.581014 0.366414 0.178695 0.132914
0 0.852265 0.367041 0.140342 0.156775
0 0.0288269 0.41913 0.0572972 0.223606
0 0.260242 0.486175 0.184816 0.278045
0 0.984936 0.460389 0.0295961 0.142421
0 0.239663 0.344167 0.126654 0.0626544
0 0.88782 0.354167 0.119146 0.0707172
0 0.888722 0.375999 0.118073 0.116054
0 0.381739 0.399895 0.0832399 0.190652
0 0.352208 0.395669 0.100523 0.210242
0 0.85574 0.397542 0.148799 0.22066
0 0.351726 0.334948 0.096941 0.0895637