0 0.167864 0.618151 0.335621 0.42818
0 0.515606 0.519062 0.218437 0.320441
0 0.878399 0.487554 0.181225 0.230169
0 0.259811 0.467087 0.206132 0.235326
0 0.0268625 0.423859 0.0533692 0.226035
0 0.567837 0.351512 0.162359 0.0955641
0 0.848626 0.403843 0.146879 0.220055
0 0.240302 0.350703 0.130693 0.0655317
0 0.990186 0.444381 0.0189911 0.180057
0 0.846933 0.36873 0.142206 0.151206
0 0.357514 0.397572 0.117945 0.19716
0 0.88444 0.367367 0.117186 0.0957619
0 0.884804 0.385612 0.11829 0.135714
0 0.37658 0.398286 0.0813136 0.192399
0 0.568354 0.408579 0.164038 0.210944
0 0.882658 0.356728 0.121336 0.0662883