0 0.167447 0.61961 0.334801 0.432073
0 0.874182 0.478636 0.170052 0.244388
0 0.511525 0.516203 0.209621 0.319389
0 0.843636 0.376615 0.136984 0.166402
0 0.554543 0.353081 0.134552 0.100859
0 0.0268832 0.426093 0.0534357 0.223595
0 0.252402 0.493567 0.213668 0.279136
0 0.356517 0.399027 0.119028 0.199228
0 0.969764 0.438522 0.0596943 0.191252
0 0.242504 0.348747 0.131442 0.0579402
0 0.979294 0.438832 0.040897 0.189492
0 0.55386 0.415892 0.135764 0.226943
0 0.253026 0.437117 0.212858 0.161747
0 0.987004 0.43819 0.0254845 0.189481