0 0.176723 0.609058 0.353431 0.429934
0 0.519121 0.517057 0.197954 0.315381
0 0.870933 0.491055 0.171614 0.236068
0 0.0271896 0.42724 0.0538502 0.224415
0 0.232431 0.352095 0.128453 0.0609248
0 0.988154 0.441008 0.0230877 0.185793
0 0.554558 0.35582 0.135418 0.0975306
0 0.859669 0.381384 0.170382 0.165109
0 0.372035 0.402821 0.0894809 0.189204
0 0.886033 0.364868 0.116201 0.0821796
0 0.248182 0.479764 0.210658 0.244465
0 0.885888 0.380204 0.117698 0.118084
0 0.342578 0.359332 0.0962773 0.118528
0 0.906382 0.354977 0.0748228 0.0592265
0 0.555989 0.406374 0.138346 0.204693