0 0.824604 0.366412 0.132412 0.145422
0 0.851261 0.487624 0.181259 0.234263
0 0.504544 0.510755 0.19726 0.316467
0 0.14588 0.598602 0.291614 0.395059
0 0.571468 0.417519 0.183096 0.232656
0 0.361174 0.403243 0.0990083 0.202679
0 0.984201 0.436649 0.031036 0.19148
0 0.326881 0.35664 0.0978508 0.129389
0 0.246515 0.518619 0.255411 0.332962
0 0.897533 0.357556 0.0666796 0.0678297
0 0.209987 0.341659 0.133876 0.061901
0 0.879518 0.359608 0.104114 0.0724382
0 0.027668 0.371688 0.0548344 0.138939
0 0.08249 0.397721 0.0462461 0.0398799
0 0.229051 0.431647 0.216058 0.157257