0 0.836054 0.373639 0.148567 0.202882
0 0.647169 0.409004 0.170955 0.227596
0 0.0769873 0.386525 0.153334 0.290659
0 0.323109 0.410968 0.204373 0.315414
0 0.633492 0.284912 0.123998 0.138088
0 0.405703 0.332204 0.189086 0.244217
0 0.0218505 0.497628 0.0434869 0.373105
0 0.97054 0.456755 0.0577515 0.212387
0 0.191196 0.30828 0.0912437 0.219454
0 0.693372 0.29858 0.0999176 0.0909871
0 0.0368872 0.233183 0.0735572 0.0579308
0 0.153488 0.301235 0.102021 0.223753
0 0.153978 0.258776 0.102263 0.137821
0 0.694094 0.346302 0.0979227 0.185099