0 0.369603 0.439219 0.166226 0.315207
0 0.654883 0.31936 0.121159 0.143073
0 0.674915 0.444011 0.164913 0.228249
0 0.415404 0.355475 0.136768 0.233754
0 0.889811 0.410033 0.116551 0.201109
0 0.229687 0.335835 0.0877478 0.212072
0 0.733054 0.388612 0.0914801 0.193436
0 0.0869736 0.479371 0.173162 0.432329
0 0.0530526 0.262005 0.105439 0.0688796
0 0.191822 0.286826 0.105667 0.140555
0 0.967212 0.446383 0.0650766 0.140299
0 0.984801 0.510914 0.0299168 0.257213
0 0.0869416 0.413148 0.172185 0.300577
0 0.975759 0.511736 0.0476803 0.259219