0 0.942591 0.39 0.113967 0.204689
0 0.128745 0.426683 0.103053 0.263798
0 0.311276 0.387371 0.103074 0.249716
0 0.759782 0.315759 0.106873 0.155737
0 0.051729 0.367784 0.103353 0.19738
0 0.421589 0.668915 0.33153 0.493203
0 0.796369 0.402667 0.101704 0.241103
0 0.465863 0.38835 0.107814 0.149464
0 0.602894 0.451573 0.11069 0.254578
0 0.783041 0.403907 0.0721178 0.237125
0 0.533265 0.348294 0.116245 0.172773
0 0.533095 0.348884 0.116326 0.174199
0 0.0682295 0.566108 0.136023 0.409079
0 0.0389937 0.566122 0.0775308 0.408752
0 0.0237466 0.56641 0.0469743 0.404038