0 0.132548 0.390975 0.264781 0.408276
0 0.552157 0.561298 0.408501 0.609917
0 0.975633 0.22053 0.0482849 0.211107
0 0.472523 0.23275 0.140934 0.257554
0 0.739806 0.309642 0.114068 0.272341
0 0.639412 0.217343 0.131598 0.145
0 0.287116 0.247877 0.146912 0.280851
0 0.304785 0.25825 0.107963 0.262087
0 0.88782 0.161457 0.151251 0.150205
0 0.265997 0.170827 0.10528 0.131398
0 0.725031 0.148523 0.128286 0.103607
0 0.725239 0.147676 0.128099 0.102895
0 0.0847687 0.180236 0.169262 0.0818932
0 0.26161 0.336 0.0724483 0.220012