0 0.476106 0.626195 0.409381 0.581283
0 0.108491 0.470552 0.216475 0.420573
0 0.287904 0.339799 0.152899 0.252872
0 0.259512 0.428851 0.0940947 0.23306
0 0.970957 0.332779 0.0569893 0.258697
0 0.455041 0.325664 0.130957 0.24559
0 0.857687 0.242998 0.119339 0.148931
0 0.621512 0.289731 0.118979 0.120712
0 0.716428 0.296192 0.108063 0.221402
0 0.689433 0.417564 0.0978287 0.294001
0 0.688359 0.41898 0.0969234 0.297854
0 0.252284 0.222613 0.0874968 0.0746504
0 0.0333834 0.258773 0.066599 0.068727
0 0.507642 0.264187 0.0471402 0.160674
0 0.720884 0.264603 0.100436 0.160574
0 0.269511 0.224567 0.123265 0.076778
0 0.0492857 0.257732 0.0973985 0.0655553
0 0.507739 0.239667 0.0469849 0.110954