0 0.490656 0.635124 0.4029 0.564903
0 0.112536 0.483566 0.224291 0.415402
0 0.294579 0.357357 0.154079 0.253491
0 0.870596 0.262108 0.18145 0.158645
0 0.631355 0.30178 0.125314 0.11716
0 0.675456 0.432029 0.1206 0.285046
0 0.726725 0.311666 0.115042 0.23107
0 0.269299 0.435986 0.0912138 0.219906
0 0.456947 0.327755 0.114779 0.220376
0 0.965504 0.314932 0.0683884 0.188281
0 0.0539526 0.281955 0.0958148 0.0561077
0 0.528934 0.283559 0.066648 0.171822
0 0.00789181 0.285182 0.0157709 0.0522681
0 0.270008 0.232302 0.0890597 0.0644969