0 0.483165 0.64032 0.407691 0.553135
0 0.113229 0.495182 0.225759 0.418181
0 0.734519 0.324261 0.134117 0.236377
0 0.852653 0.272687 0.140018 0.155407
0 0.626806 0.312341 0.124776 0.1132
0 0.269259 0.446395 0.0939796 0.221308
0 0.662975 0.445443 0.124024 0.290755
0 0.281704 0.368499 0.137872 0.243108
0 0.947922 0.346567 0.103384 0.228489
0 0.0526566 0.294429 0.105313 0.061173
0 0.460705 0.339957 0.103629 0.224245
0 0.51949 0.287042 0.0502487 0.155472
0 0.272351 0.241794 0.104199 0.0652488
0 0.992113 0.213534 0.0151287 0.0501615