0 0.471084 0.643271 0.422564 0.547925
0 0.112577 0.502844 0.224363 0.417669
0 0.842539 0.279268 0.140989 0.158205
0 0.659046 0.451318 0.116751 0.290773
0 0.279209 0.371391 0.140086 0.255705
0 0.622787 0.318338 0.124531 0.11344
0 0.947175 0.35557 0.104701 0.235682
0 0.265008 0.45496 0.0983566 0.225974
0 0.722699 0.328708 0.114841 0.234995
0 0.0479213 0.296489 0.0940307 0.0517787
0 0.467144 0.343291 0.110134 0.219075
0 0.517213 0.292535 0.0509864 0.165727
0 0.263691 0.247245 0.0856012 0.061842
0 0.982797 0.206469 0.0336357 0.100435