0 0.106146 0.492507 0.211497 0.421962
0 0.271395 0.446471 0.113512 0.221697
0 0.472177 0.620802 0.423345 0.593523
0 0.941665 0.357324 0.115592 0.237614
0 0.724296 0.329198 0.113543 0.243924
0 0.836877 0.280466 0.137055 0.167076
0 0.636092 0.424683 0.156041 0.340445
0 0.466311 0.324068 0.0829052 0.19537
0 0.519063 0.280716 0.0494272 0.149629
0 0.283868 0.358291 0.162197 0.238541
0 0.0450088 0.286246 0.0896004 0.0581829
0 0.923039 0.240115 0.0490084 0.159196
0 0.294878 0.310847 0.142375 0.204144
0 0.631848 0.308926 0.148159 0.112225