0 0.105155 0.495876 0.209458 0.414876
0 0.462839 0.635912 0.409803 0.565399
0 0.746725 0.330845 0.112253 0.239304
0 0.944233 0.361947 0.110656 0.234396
0 0.839652 0.286694 0.0865437 0.171812
0 0.487957 0.315607 0.0745952 0.173732
0 0.282957 0.382576 0.181444 0.268012
0 0.290838 0.447185 0.100146 0.218516
0 0.0633582 0.288015 0.0885374 0.0545128
0 0.536513 0.282977 0.0532349 0.147818
0 0.648511 0.398752 0.151165 0.28979
0 0.905805 0.240974 0.0497147 0.165311
0 0.649234 0.450364 0.138984 0.274008
0 0.301107 0.259323 0.118629 0.0880369
0 0.373438 0.347307 0.0475899 0.131884
0 0.303998 0.31395 0.122843 0.200984