0 0.455473 0.638378 0.396525 0.558628
0 0.10985 0.489781 0.218921 0.416105
0 0.939404 0.363775 0.120359 0.236827
0 0.479816 0.318789 0.0735479 0.175099
0 0.293563 0.358809 0.187692 0.251386
0 0.282736 0.447912 0.104729 0.222617
0 0.832626 0.285809 0.0900383 0.170196
0 0.528712 0.281362 0.0474265 0.141743
0 0.906899 0.236628 0.0422432 0.156364
0 0.0544099 0.289539 0.0918074 0.0575921
0 0.636397 0.311451 0.140289 0.112073
0 0.73978 0.321965 0.124159 0.217774
0 0.639015 0.332881 0.146409 0.157632
0 0.640091 0.453337 0.141459 0.281464
0 0.640123 0.381065 0.148058 0.254443