0 0.462244 0.633474 0.412367 0.569225
0 0.0997363 0.489578 0.198675 0.411484
0 0.945795 0.355187 0.107405 0.238947
0 0.275207 0.387573 0.183841 0.283208
0 0.741763 0.325018 0.11196 0.228821
0 0.292042 0.444131 0.104087 0.21729
0 0.487143 0.315018 0.0753691 0.172368
0 0.836035 0.28318 0.086997 0.176278
0 0.0635572 0.283691 0.0897665 0.0506362
0 0.535721 0.279537 0.0522541 0.146858
0 0.643857 0.307858 0.142723 0.112944
0 0.304089 0.306479 0.125596 0.188872
0 0.655655 0.437387 0.161064 0.308151
0 0.647784 0.327503 0.151355 0.152836