0 0.0934294 0.486163 0.185986 0.416361
0 0.453453 0.633305 0.413845 0.568828
0 0.951993 0.353549 0.0954058 0.234684
0 0.481585 0.3108 0.0726635 0.172096
0 0.738917 0.330713 0.105191 0.246691
0 0.279082 0.383564 0.204555 0.28378
0 0.29155 0.435381 0.106651 0.214962
0 0.642185 0.388733 0.149485 0.281695
0 0.828658 0.28412 0.113198 0.174779
0 0.0592349 0.27447 0.0936871 0.0450615
0 0.532093 0.276786 0.0535703 0.150094
0 0.305971 0.302015 0.147785 0.189562
0 0.630471 0.446283 0.127391 0.282308
0 0.283848 0.338373 0.195826 0.214003