0 0.453124 0.64333 0.402853 0.547854
0 0.11002 0.495319 0.21918 0.415911
0 0.487532 0.323038 0.0743822 0.180709
0 0.270792 0.393958 0.163654 0.281013
0 0.302178 0.450708 0.102252 0.215729
0 0.755519 0.33588 0.112313 0.243775
0 0.617315 0.467067 0.164985 0.305062
0 0.956513 0.359402 0.0864807 0.239557
0 0.540152 0.287461 0.0493687 0.15415
0 0.0713469 0.287503 0.0940436 0.0513593
0 0.315116 0.30858 0.130017 0.197813
0 0.837031 0.292431 0.0968195 0.173608
0 0.837418 0.290248 0.096428 0.172989
0 0.652053 0.397816 0.144206 0.287749
0 0.306089 0.282697 0.111044 0.141641
0 0.305119 0.251959 0.109008 0.0834049