0 0.477295 0.652615 0.438239 0.532043
0 0.114744 0.516107 0.22887 0.41854
0 0.509191 0.336215 0.0735486 0.168621
0 0.564896 0.29606 0.0473772 0.129182
0 0.969825 0.383542 0.059366 0.239954
0 0.605916 0.494538 0.180277 0.312228
0 0.315379 0.470683 0.103633 0.215008
0 0.293821 0.41103 0.164883 0.280521
0 0.860518 0.311334 0.0982235 0.175382
0 0.677169 0.420068 0.142132 0.290396
0 0.860414 0.311124 0.0987171 0.175402
0 0.295022 0.369271 0.150754 0.199638
0 0.775711 0.339416 0.111501 0.283085
0 0.0825389 0.309335 0.0931165 0.0560383
0 0.0711948 0.30319 0.119107 0.0659936
0 0.330439 0.334109 0.10694 0.198201
0 0.324649 0.281433 0.0936231 0.0982338
0 0.772492 0.345753 0.118572 0.291128