0 0.469696 0.655249 0.404878 0.521941
0 0.159808 0.528888 0.318813 0.415858
0 0.686014 0.440609 0.16079 0.304141
0 0.792817 0.371359 0.0974137 0.246326
0 0.586523 0.499224 0.188192 0.300386
0 0.963276 0.394363 0.0732029 0.218742
0 0.527808 0.344632 0.0925774 0.155418
0 0.883328 0.325017 0.0981644 0.175369
0 0.327945 0.389762 0.192504 0.212945
0 0.361847 0.344306 0.140304 0.190162
0 0.333438 0.475117 0.0923484 0.199818
0 0.579073 0.300345 0.057633 0.104436
0 0.091214 0.323809 0.0967128 0.058599
0 0.330153 0.430981 0.199586 0.290036
0 0.339535 0.285469 0.098776 0.0756007
0 0.174274 0.464042 0.286533 0.294096