0 0.114966 0.52789 0.229272 0.414107
0 0.469007 0.656954 0.419064 0.521626
0 0.965628 0.401343 0.0678007 0.24031
0 0.779275 0.367323 0.0914355 0.230461
0 0.588592 0.504704 0.192044 0.302789
0 0.862597 0.328709 0.0956785 0.175859
0 0.67533 0.441827 0.155824 0.301572
0 0.510663 0.350433 0.0764641 0.162589
0 0.568595 0.306178 0.0462002 0.112534
0 0.321382 0.483743 0.0907209 0.218186
0 0.299595 0.403298 0.155307 0.236437
0 0.0799229 0.320851 0.0948355 0.0538811
0 0.790133 0.229594 0.023021 0.0539251
0 0.327267 0.300259 0.0925394 0.104699
0 0.345055 0.345729 0.128812 0.191244