0 0.5019 0.65239 0.396306 0.529527
0 0.133011 0.528408 0.265562 0.412729
0 0.336461 0.421136 0.185004 0.279796
0 0.370068 0.479862 0.0895702 0.198855
0 0.556731 0.326219 0.0735018 0.114922
0 0.626314 0.454655 0.212526 0.216814
0 0.618829 0.299661 0.0494064 0.102987
0 0.724008 0.440596 0.156685 0.303138
0 0.912117 0.334221 0.105321 0.199114
0 0.912253 0.332677 0.104805 0.195474
0 0.830174 0.348253 0.096624 0.288995
0 0.975787 0.440734 0.0479177 0.161148
0 0.370806 0.275787 0.0731979 0.0528136
0 0.389609 0.345498 0.113753 0.193512