0 0.776664 0.65033 0.44586 0.533966
0 0.317811 0.456199 0.177108 0.381922
0 0.595504 0.452038 0.169715 0.216953
0 0.0466059 0.370148 0.0927957 0.316896
0 0.867722 0.319488 0.0818043 0.134318
0 0.793242 0.377932 0.167284 0.127028
0 0.633089 0.350399 0.174237 0.19837
0 0.97725 0.369172 0.0449116 0.161877
0 0.965033 0.295811 0.068692 0.140259
0 0.690468 0.313056 0.082706 0.183101
0 0.397632 0.364214 0.0634177 0.220914
0 0.383889 0.364132 0.0906394 0.220498
0 0.818538 0.245849 0.0313162 0.141912
0 0.62765 0.386863 0.177108 0.27381
0 0.356001 0.362674 0.146911 0.217209