0 0.776668 0.652078 0.439057 0.527591
0 0.315131 0.460831 0.162588 0.384742
0 0.58256 0.457525 0.157689 0.213684
0 0.874643 0.327415 0.0779587 0.132312
0 0.794612 0.377977 0.173355 0.122992
0 0.0186757 0.373298 0.0368996 0.30211
0 0.359474 0.368442 0.142025 0.220937
0 0.959157 0.302087 0.0811356 0.135772
0 0.638198 0.356282 0.167388 0.193168
0 0.387991 0.366531 0.083738 0.21957
0 0.974808 0.448424 0.0491899 0.299696
0 0.974425 0.400498 0.0502483 0.203179
0 0.784415 0.256967 0.0299593 0.125854
0 0.695023 0.274713 0.0802155 0.101083