0 0.463419 0.390133 0.158365 0.240349
0 0.755649 0.398025 0.191405 0.238416
0 0.367004 0.313847 0.137435 0.165169
0 0.613702 0.269225 0.102188 0.12549
0 0.315967 0.281354 0.121737 0.12903
0 0.102035 0.48294 0.117236 0.276421
0 0.663066 0.335128 0.132373 0.127097
0 0.169226 0.366049 0.0618134 0.205258
0 0.783048 0.264537 0.0972762 0.0481714
0 0.969984 0.379475 0.059502 0.195451
0 0.138401 0.271272 0.103619 0.149785
0 0.138905 0.270386 0.103059 0.148299
0 0.468879 0.22576 0.106619 0.0985051
0 0.469257 0.226104 0.105374 0.0993622