0 0.406134 0.382755 0.14084 0.215743
0 0.922795 0.396625 0.153356 0.216854
0 0.786238 0.418194 0.171781 0.24987
0 0.634062 0.371408 0.104071 0.14902
0 0.62872 0.286909 0.100524 0.123433
0 0.352565 0.323861 0.133703 0.156384
0 0.523036 0.270586 0.0558423 0.107678
0 0.793167 0.285907 0.0948764 0.0412885
0 0.115845 0.460872 0.0631611 0.253974
0 0.311731 0.29651 0.103896 0.128683
0 0.160603 0.361304 0.0950349 0.19819
0 0.142902 0.268727 0.0937969 0.132631
0 0.161622 0.36097 0.0958514 0.198071
0 0.307107 0.310604 0.110972 0.169411