0 0.321226 0.380481 0.162783 0.211198
0 0.220764 0.327709 0.145776 0.15193
0 0.883873 0.406429 0.181639 0.234251
0 0.593952 0.291783 0.1257 0.12148
0 0.684317 0.418757 0.183596 0.234023
0 0.0835418 0.426174 0.106256 0.19163
0 0.0703496 0.333485 0.137966 0.138415
0 0.484728 0.275978 0.0895509 0.1089
0 0.593472 0.369384 0.10583 0.128496
0 0.757749 0.355407 0.0819197 0.172013
0 0.105401 0.250824 0.0717985 0.097361
0 0.291045 0.255492 0.0860317 0.0559982
0 0.97988 0.402666 0.0397612 0.177093
0 0.980526 0.37672 0.0380226 0.121925
0 0.450024 0.244339 0.039529 0.0480411