0 0.301808 0.310735 0.133168 0.163848
0 0.119765 0.336129 0.146 0.193079
0 0.386971 0.346372 0.107476 0.190281
0 0.943623 0.390823 0.111719 0.228607
0 0.803737 0.395486 0.213995 0.238751
0 0.689169 0.265232 0.114663 0.12087
0 0.173342 0.389889 0.050611 0.17387
0 0.597637 0.254392 0.0604561 0.100177
0 0.867024 0.313426 0.12461 0.149214
0 0.238145 0.267334 0.104266 0.145851
0 0.410568 0.265505 0.0903141 0.0967762
0 0.720315 0.353668 0.123357 0.150198
0 0.00616203 0.292037 0.0123029 0.154465
0 0.768283 0.253627 0.0315781 0.05792