0 0.302498 0.307773 0.131768 0.161348
0 0.388807 0.344392 0.102096 0.190575
0 0.948253 0.394935 0.10259 0.223015
0 0.87359 0.329183 0.108699 0.160718
0 0.690943 0.269688 0.115273 0.122615
0 0.120656 0.33372 0.149198 0.184945
0 0.175558 0.385529 0.0522813 0.175324
0 0.779368 0.398245 0.20117 0.238829
0 0.601168 0.256074 0.0687008 0.101273
0 0.411192 0.267251 0.0904748 0.102162
0 0.236478 0.283846 0.099124 0.189057
0 0.234052 0.256664 0.0927119 0.135646
0 0.41106 0.253745 0.0920153 0.0711839
0 0.773198 0.257712 0.0234781 0.0550878