0 0.794953 0.382182 0.181141 0.24227
0 0.309223 0.293304 0.132327 0.160216
0 0.395126 0.325199 0.103739 0.192128
0 0.883903 0.31367 0.100966 0.16461
0 0.948669 0.382026 0.102028 0.223458
0 0.125146 0.321375 0.151158 0.188408
0 0.606838 0.240425 0.0658458 0.102821
0 0.182995 0.374417 0.0515095 0.172496
0 0.244911 0.243497 0.0983732 0.136401
0 0.707049 0.251635 0.13699 0.12179
0 0.419635 0.272183 0.0870287 0.137096
0 0.734297 0.3337 0.122914 0.152398
0 0.00971323 0.268185 0.0193214 0.183472
0 0.419741 0.244277 0.0877527 0.0849982
0 0.419978 0.231983 0.0856383 0.0590169