0 0.777713 0.401409 0.200315 0.23945
0 0.880119 0.327587 0.102843 0.156767
0 0.308542 0.31778 0.13019 0.158624
0 0.947255 0.39579 0.104574 0.226683
0 0.115428 0.348862 0.150913 0.194563
0 0.393959 0.349101 0.118863 0.19268
0 0.695154 0.273095 0.115503 0.123293
0 0.602181 0.262667 0.0674513 0.106121
0 0.181581 0.398762 0.0515783 0.175548
0 0.418368 0.283078 0.0878777 0.1264
0 0.236769 0.273741 0.103701 0.146464
0 0.00593067 0.288323 0.0117948 0.152078
0 0.777234 0.25933 0.031019 0.0573517
0 0.417059 0.245331 0.0860263 0.0425769
0 0.417431 0.268324 0.0878174 0.0880355
0 0.575385 0.234097 0.0311777 0.0506504