0 0.758209 0.420899 0.178307 0.242725
0 0.376519 0.357165 0.0885591 0.182851
0 0.959215 0.422846 0.0805359 0.230927
0 0.0976679 0.355614 0.136898 0.18936
0 0.421713 0.313452 0.0894608 0.142928
0 0.871821 0.365094 0.110706 0.179563
0 0.316273 0.32871 0.10727 0.152268
0 0.692334 0.299794 0.111123 0.133164
0 0.183857 0.408403 0.0520959 0.178696
0 0.599875 0.274695 0.104731 0.121621
0 0.257825 0.288798 0.0734214 0.142162
0 0.208626 0.266297 0.0551679 0.121259
0 0.77797 0.278648 0.0306293 0.0546914
0 0.00757262 0.287129 0.0149654 0.141989