0 0.51201 0.433006 0.127925 0.183433
0 0.452362 0.407315 0.11953 0.163459
0 0.894461 0.481156 0.122089 0.239766
0 0.0618745 0.449597 0.0996989 0.330226
0 0.157146 0.37046 0.0599346 0.155399
0 0.551647 0.367947 0.0840906 0.112201
0 0.968743 0.423753 0.0614861 0.148066
0 0.69288 0.36332 0.0966495 0.125999
0 0.268626 0.429797 0.153007 0.187768
0 0.324496 0.470623 0.0687689 0.155144
0 0.376732 0.37335 0.0665161 0.168782
0 0.823072 0.373742 0.11328 0.141459
0 0.938777 0.35199 0.0340302 0.0644129
0 0.938547 0.352331 0.03372 0.0662759