0 0.847487 0.37744 0.122918 0.128909
0 0.28316 0.450367 0.124516 0.178905
0 0.47997 0.426523 0.121511 0.164655
0 0.557532 0.448172 0.171115 0.178465
0 0.705987 0.373271 0.0957285 0.124249
0 0.402612 0.376539 0.0640279 0.131313
0 0.354945 0.499304 0.0689711 0.171341
0 0.187518 0.397967 0.0616168 0.155961
0 0.099945 0.491764 0.108171 0.302094
0 0.911005 0.486187 0.0989162 0.231848
0 0.982627 0.459271 0.0342972 0.111919
0 0.58297 0.369928 0.0787153 0.0833965
0 0.837153 0.45957 0.0658525 0.12336
0 0.579494 0.392159 0.0861583 0.126845