0 0.375789 0.4342 0.110311 0.163692
0 0.622463 0.43631 0.131962 0.182805
0 0.449254 0.484297 0.0710529 0.158604
0 0.93956 0.354914 0.120124 0.115654
0 0.572666 0.41898 0.119161 0.169663
0 0.762195 0.357749 0.108698 0.109006
0 0.284005 0.388264 0.0595015 0.151926
0 0.98127 0.468518 0.0370018 0.219427
0 0.929661 0.453069 0.0827091 0.135044
0 0.197032 0.478789 0.0926532 0.289573
0 0.494872 0.376735 0.0694004 0.153784
0 0.825631 0.348692 0.0463451 0.156304
0 0.661674 0.392348 0.0890967 0.152381
0 0.856521 0.320232 0.0276775 0.0543758
0 0.66051 0.36683 0.0900264 0.100834