0 0.670053 0.425038 0.142302 0.176404
0 0.781827 0.351016 0.0973852 0.117877
0 0.416701 0.421663 0.0933394 0.176898
0 0.964084 0.448839 0.0708109 0.154239
0 0.954457 0.345438 0.0899271 0.120994
0 0.492626 0.468748 0.0684998 0.153699
0 0.251264 0.461022 0.104055 0.285731
0 0.330677 0.373162 0.0552791 0.149806
0 0.533361 0.356346 0.0603784 0.143659
0 0.608686 0.406647 0.129346 0.175099
0 0.873315 0.338142 0.0482815 0.16966
0 0.251191 0.46138 0.103574 0.285058
0 0.701791 0.332252 0.0676964 0.0421097