0 0.437914 0.423007 0.0920075 0.181418
0 0.272046 0.463497 0.101806 0.291915
0 0.5192 0.462262 0.0713822 0.15022
0 0.799099 0.348817 0.0953014 0.139442
0 0.692631 0.417996 0.150624 0.186632
0 0.354736 0.370549 0.0567212 0.150736
0 0.631576 0.401314 0.124799 0.171017
0 0.120416 0.30554 0.0327109 0.145556
0 0.921239 0.323125 0.0430218 0.172306
0 0.0955156 0.305694 0.0341345 0.152122
0 0.968796 0.336501 0.0615158 0.118856
0 0.979036 0.42263 0.0409485 0.114339
0 0.561048 0.34462 0.0503342 0.130905
0 0.588754 0.352787 0.104079 0.12787
0 0.967034 0.36055 0.0653431 0.168197
0 0.712317 0.317543 0.0870124 0.048146