0 0.678563 0.453063 0.14659 0.192757
0 0.438406 0.448678 0.0968908 0.179539
0 0.779526 0.377721 0.088405 0.123474
0 0.51351 0.486518 0.0694574 0.145935
0 0.352491 0.393952 0.0559234 0.150425
0 0.624172 0.426173 0.117757 0.170534
0 0.965824 0.463186 0.0678184 0.120558
0 0.554105 0.373982 0.0577478 0.132871
0 0.120086 0.324376 0.0331294 0.147707
0 0.94457 0.368744 0.109836 0.165959
0 0.266466 0.483815 0.0969425 0.28959
0 0.911872 0.366244 0.0565376 0.169899
0 0.266704 0.484233 0.0971356 0.288259
0 0.697059 0.349361 0.0787283 0.0419041