0 0.695264 0.461509 0.165508 0.186485
0 0.441621 0.450201 0.0908072 0.16751
0 0.945945 0.413655 0.106041 0.165536
0 0.523231 0.49615 0.0700916 0.149027
0 0.363405 0.402189 0.0559624 0.146643
0 0.644768 0.43555 0.14813 0.163578
0 0.27611 0.490641 0.0924397 0.289053
0 0.774033 0.380639 0.0990633 0.10725
0 0.569499 0.3868 0.0802654 0.138104
0 0.966962 0.461059 0.0654566 0.0891963
0 0.275926 0.491337 0.0923482 0.287591
0 0.917479 0.32932 0.083897 0.0773483
0 0.132746 0.330093 0.0332802 0.147053
0 0.631357 0.397862 0.1749 0.120123