0 0.919495 0.427721 0.1158 0.164801
0 0.687425 0.471451 0.137447 0.19234
0 0.454934 0.466332 0.0922306 0.17927
0 0.377206 0.415529 0.0577154 0.150033
0 0.289017 0.50042 0.0948588 0.278582
0 0.534636 0.512989 0.0704224 0.159505
0 0.145236 0.342843 0.0317405 0.141496
0 0.965033 0.473092 0.0684216 0.0998428
0 0.119469 0.347408 0.0329588 0.147184
0 0.75552 0.395527 0.0881615 0.115335
0 0.637335 0.448462 0.12229 0.168954
0 0.616992 0.39828 0.162636 0.135798
0 0.761976 0.384952 0.0756577 0.093598
0 0.572877 0.398261 0.0742058 0.139873