0 0.835836 0.463737 0.135314 0.172803
0 0.446341 0.482813 0.0828597 0.185537
0 0.68585 0.485877 0.142344 0.192588
0 0.935176 0.49693 0.128823 0.123703
0 0.372579 0.429952 0.0521839 0.148159
0 0.523667 0.538299 0.0481834 0.181193
0 0.281801 0.513854 0.119584 0.277106
0 0.149882 0.362287 0.0280215 0.140141
0 0.62259 0.468832 0.112094 0.173305
0 0.610994 0.411341 0.136831 0.130609
0 0.720825 0.394063 0.0882736 0.0618659
0 0.11337 0.363821 0.0357486 0.142394
0 0.59512 0.403737 0.104134 0.117765
0 0.571531 0.387772 0.0551022 0.0863417