0 0.816626 0.463254 0.132537 0.168979
0 0.438464 0.480281 0.0896054 0.182556
0 0.357825 0.425151 0.0707182 0.14605
0 0.254896 0.506927 0.121228 0.273222
0 0.681818 0.485267 0.150852 0.194508
0 0.920543 0.491553 0.134558 0.124569
0 0.521615 0.531784 0.049159 0.174484
0 0.603286 0.411714 0.130838 0.128631
0 0.716471 0.403892 0.0863771 0.0874442
0 0.619229 0.459724 0.121093 0.16593
0 0.108987 0.360128 0.0326084 0.139189
0 0.985346 0.476995 0.0288532 0.111756
0 0.144536 0.355481 0.0262484 0.136741
0 0.108765 0.359813 0.0333011 0.14169