0 0.263672 0.428148 0.110826 0.217023
0 0.954659 0.519938 0.0902233 0.218628
0 0.442098 0.442878 0.136306 0.170015
0 0.817337 0.483814 0.142089 0.127894
0 0.358256 0.377156 0.089551 0.134226
0 0.92087 0.454165 0.157287 0.157324
0 0.574656 0.438074 0.142858 0.177806
0 0.670043 0.445353 0.0997169 0.174745
0 0.556457 0.508256 0.0579992 0.169648
0 0.178481 0.302199 0.0442758 0.148231
0 0.614644 0.343029 0.0344933 0.0467417
0 0.548727 0.371755 0.118339 0.0826213
0 0.665889 0.350712 0.0655693 0.0365095