0 0.216195 0.417685 0.176219 0.230444
0 0.931675 0.507059 0.13571 0.225116
0 0.74599 0.474251 0.131846 0.138925
0 0.480007 0.422711 0.156413 0.16454
0 0.828436 0.442936 0.17295 0.162572
0 0.597265 0.426837 0.0985728 0.167313
0 0.371201 0.440155 0.103748 0.178778
0 0.5616 0.500619 0.0650635 0.170483
0 0.267086 0.34897 0.139275 0.0975283
0 0.636468 0.385959 0.0947359 0.130819
0 0.509059 0.331496 0.0998428 0.0418175
0 0.426639 0.352166 0.101774 0.0974454
0 0.980317 0.340497 0.0382057 0.0721704
0 0.405889 0.345075 0.148512 0.114893
0 0.645225 0.377771 0.079124 0.106247
0 0.613499 0.331426 0.0496048 0.0338358