0 0.899618 0.516809 0.20022 0.233103
0 0.455913 0.448121 0.163569 0.199133
0 0.186435 0.432609 0.200491 0.223316
0 0.340562 0.44736 0.0879787 0.164908
0 0.573833 0.513248 0.060048 0.173873
0 0.636513 0.398144 0.0941645 0.136416
0 0.789337 0.446316 0.175216 0.148279
0 0.570885 0.424009 0.103625 0.146996
0 0.721811 0.474408 0.121109 0.123416
0 0.572851 0.406805 0.0907548 0.114255
0 0.497469 0.341288 0.0967957 0.0376551
0 0.414274 0.347826 0.0782938 0.0512326
0 0.343142 0.359066 0.0864591 0.0779973