0 0.889538 0.525465 0.220925 0.232717
0 0.443149 0.440492 0.17126 0.199968
0 0.161125 0.428095 0.214753 0.239224
0 0.569491 0.510619 0.0546732 0.170768
0 0.328036 0.457824 0.0917412 0.188998
0 0.707596 0.476469 0.112965 0.130356
0 0.636289 0.403229 0.0872931 0.154067
0 0.562429 0.402699 0.123923 0.116136
0 0.776882 0.434251 0.158832 0.121661
0 0.492437 0.333301 0.0941013 0.0351458
0 0.398594 0.339553 0.0857127 0.0481352
0 0.320439 0.35691 0.0781198 0.0981743
0 0.320045 0.400598 0.0798373 0.190827
0 0.616287 0.344796 0.0542607 0.0504802