0 0.128381 0.438357 0.235797 0.243338
0 0.849937 0.502372 0.242131 0.212419
0 0.548692 0.506107 0.0902786 0.168953
0 0.517035 0.41717 0.120994 0.145792
0 0.321494 0.369347 0.154902 0.101418
0 0.675174 0.471943 0.117044 0.130947
0 0.622333 0.411369 0.0917604 0.174606
0 0.405159 0.443794 0.142344 0.196249
0 0.469969 0.33475 0.0963099 0.0405212
0 0.30181 0.490373 0.103439 0.234298
0 0.363241 0.4778 0.226963 0.260796
0 0.710578 0.452168 0.189605 0.16324
0 0.337715 0.360713 0.121118 0.0799764
0 0.221713 0.365986 0.0604949 0.101552