0 0.0883983 0.279204 0.0959021 0.160154
0 0.723346 0.327436 0.093195 0.0919914
0 0.848093 0.343517 0.0716919 0.132688
0 0.403565 0.457323 0.251917 0.417684
0 0.432404 0.241672 0.0683782 0.083001
0 0.609227 0.303785 0.108902 0.147882
0 0.853569 0.260316 0.0528271 0.0479918
0 0.786891 0.321973 0.0608887 0.226678
0 0.0403108 0.326287 0.0806216 0.0959679
0 0.498589 0.263388 0.0454454 0.0998678
0 0.659647 0.26545 0.0501465 0.105595
0 0.703899 0.275377 0.0549407 0.0792641
0 0.746963 0.257481 0.0495934 0.0547436
0 0.930571 0.257456 0.0322147 0.13451