0 0.10459 0.289688 0.099551 0.180261
0 0.855169 0.325687 0.0593784 0.142641
0 0.729688 0.310857 0.0922499 0.0930403
0 0.862644 0.244651 0.0566643 0.0638037
0 0.400812 0.442554 0.250665 0.429701
0 0.440038 0.235278 0.0737953 0.0822284
0 0.513116 0.266443 0.0449014 0.123642
0 0.706339 0.257202 0.0550867 0.0666299
0 0.401763 0.441873 0.252672 0.430752
0 0.621015 0.289461 0.0966568 0.145938
0 0.374532 0.250595 0.10196 0.0692536
0 0.373211 0.252346 0.104616 0.0692651
0 0.944926 0.257874 0.0316162 0.0964112