0 0.186788 0.375331 0.0897818 0.173024
0 0.0195249 0.48753 0.0385691 0.324523
0 0.398544 0.511174 0.154725 0.357022
0 0.773701 0.418524 0.106012 0.105088
0 0.57965 0.365139 0.0546535 0.12663
0 0.428054 0.356793 0.102519 0.0943179
0 0.681478 0.380427 0.0853073 0.141084
0 0.944491 0.408354 0.0439289 0.164607
0 0.500947 0.329086 0.0784046 0.08429
0 0.914758 0.415155 0.102991 0.205853
0 0.868591 0.338081 0.0420317 0.062532
0 0.915495 0.41574 0.0701015 0.211085
0 0.871939 0.394757 0.0461746 0.0766208
0 0.742558 0.350592 0.0567013 0.0888104
0 0.805215 0.372234 0.103057 0.110353