0 0.695853 0.35778 0.106243 0.151289
0 0.204642 0.350538 0.0882342 0.175645
0 0.0716202 0.453078 0.142758 0.320294
0 0.78736 0.387912 0.126834 0.10477
0 0.602027 0.335063 0.0969538 0.125093
0 0.784683 0.319436 0.134808 0.0939957
0 0.393223 0.469909 0.180229 0.356369
0 0.871409 0.37813 0.0574299 0.095254
0 0.514513 0.304207 0.0694452 0.0922349
0 0.939366 0.384685 0.0495888 0.208339
0 0.437984 0.355139 0.0929676 0.150551
0 0.0227418 0.45909 0.0452034 0.31048
0 0.43907 0.355415 0.0924519 0.149575
0 0.587949 0.333999 0.0671827 0.121253
0 0.415988 0.354562 0.138368 0.15134