0 0.0259979 0.494579 0.0516518 0.323755
0 0.395903 0.496941 0.131056 0.297993
0 0.232841 0.394873 0.0886755 0.186207
0 0.709206 0.391571 0.0730908 0.153747
0 0.88535 0.416254 0.0590067 0.104348
0 0.983441 0.422538 0.0326006 0.203211
0 0.613412 0.372633 0.079016 0.123507
0 0.471119 0.397602 0.106515 0.153374
0 0.801556 0.395003 0.125022 0.162145
0 0.925933 0.390667 0.0998047 0.139774
0 0.53859 0.334599 0.065464 0.0796435
0 0.61351 0.370797 0.0790745 0.119928
0 0.539144 0.336612 0.0664709 0.0821782