0 0.364047 0.513125 0.165325 0.283396
0 0.201281 0.435738 0.0947808 0.185397
0 0.874809 0.39074 0.0949194 0.143079
0 0.430082 0.420633 0.0936109 0.13825
0 0.57453 0.387889 0.0859375 0.123552
0 0.678042 0.404505 0.0848402 0.156602
0 0.970279 0.403171 0.0531767 0.237525
0 0.764889 0.43353 0.0911026 0.109254
0 0.00622152 0.557202 0.0123706 0.264487
0 0.856524 0.419539 0.0619688 0.111454
0 0.502312 0.369995 0.0654377 0.102642
0 0.766411 0.401731 0.125906 0.158664
0 0.0082485 0.559248 0.016247 0.284549