0 0.406873 0.482964 0.128041 0.265809
0 0.307981 0.409423 0.132104 0.181844
0 0.0425488 0.518931 0.084627 0.315614
0 0.655101 0.369734 0.0738205 0.106732
0 0.492736 0.437539 0.0745729 0.197951
0 0.809004 0.394681 0.114024 0.148189
0 0.515121 0.412906 0.108269 0.152336
0 0.731771 0.384931 0.0864644 0.133438
0 0.570685 0.349142 0.0604399 0.074689
0 0.86983 0.435112 0.106249 0.125609
0 0.782989 0.395625 0.0600723 0.136253
0 0.959392 0.413426 0.0656303 0.0946816
0 0.869782 0.439758 0.105722 0.125622