0 0.0573892 0.497594 0.113892 0.315764
0 0.407547 0.475604 0.131383 0.269143
0 0.316032 0.393876 0.130602 0.180116
0 0.521433 0.398684 0.106434 0.152394
0 0.963187 0.410695 0.0726448 0.101087
0 0.668008 0.356175 0.0750201 0.105359
0 0.503804 0.429975 0.0749924 0.202881
0 0.581154 0.337875 0.059466 0.076318
0 0.900789 0.391235 0.0860035 0.132356
0 0.87746 0.429564 0.0918316 0.118431
0 0.743195 0.377045 0.0904579 0.135062
0 0.743438 0.378233 0.086924 0.13668
0 0.822588 0.389321 0.113318 0.156788
0 0.86619 0.432318 0.066151 0.12166
0 0.971682 0.344674 0.055999 0.045463