0 0.0749355 0.481094 0.149231 0.313757
0 0.645957 0.33563 0.0700888 0.101653
0 0.384601 0.459066 0.12907 0.27744
0 0.498182 0.379449 0.107856 0.148392
0 0.27092 0.37789 0.118349 0.185429
0 0.773815 0.37314 0.0579369 0.153976
0 0.271197 0.377807 0.11832 0.184601
0 0.845399 0.412719 0.0689056 0.117697
0 0.558387 0.31924 0.0555132 0.0777368
0 0.720877 0.358503 0.0888853 0.134582
0 0.558149 0.321137 0.0548428 0.0767552
0 0.71977 0.359401 0.0862579 0.135051
0 0.774053 0.373287 0.0603798 0.154121
0 0.914277 0.368394 0.167419 0.149144