0 0.0332018 0.457396 0.0660243 0.321458
0 0.382047 0.411508 0.126659 0.236534
0 0.270592 0.358864 0.115611 0.196187
0 0.515309 0.356029 0.0956148 0.159361
0 0.494611 0.384908 0.0636034 0.212113
0 0.563998 0.288621 0.0572219 0.0704892
0 0.959247 0.36496 0.0800314 0.102303
0 0.878275 0.382066 0.108344 0.123803
0 0.656281 0.308815 0.0689301 0.100132
0 0.9574 0.304475 0.0848139 0.0599174
0 0.656051 0.308805 0.0688731 0.101643
0 0.88939 0.307281 0.0857285 0.0521778
0 0.908058 0.273339 0.0774456 0.0249431
0 0.930942 0.30158 0.138116 0.0568203