0 0.322836 0.413859 0.112387 0.259822
0 0.235649 0.347693 0.0950898 0.202477
0 0.831884 0.405194 0.0642323 0.121264
0 0.460495 0.354274 0.136391 0.163305
0 0.939923 0.397085 0.0893007 0.120319
0 0.88599 0.370886 0.120206 0.154352
0 0.621834 0.322947 0.080387 0.119092
0 0.780823 0.334326 0.0707405 0.120374
0 0.433415 0.381617 0.111323 0.20281
0 0.863473 0.310323 0.0889608 0.0734921
0 0.710521 0.348762 0.103469 0.15529
0 0.866735 0.373017 0.0903242 0.154075
0 0.733474 0.355067 0.0874536 0.154063
0 0.62184 0.322095 0.0796165 0.118476