0 0.0385358 0.400783 0.0766395 0.336669
0 0.69158 0.289018 0.0807482 0.112812
0 0.388235 0.372758 0.110401 0.234783
0 0.933225 0.379883 0.107172 0.131198
0 0.300528 0.310544 0.107347 0.18953
0 0.50751 0.343699 0.104291 0.194125
0 0.808919 0.330828 0.0862568 0.15216
0 0.946543 0.335673 0.105817 0.16131
0 0.774184 0.303198 0.0922585 0.143683
0 0.594646 0.26232 0.0581343 0.0722802
0 0.946444 0.311101 0.104475 0.11083
0 0.556956 0.326923 0.0875834 0.16275
0 0.556016 0.327143 0.088933 0.162861
0 0.853706 0.319178 0.0730761 0.141223