0 0.83647 0.312991 0.110351 0.125855
0 0.748024 0.272304 0.0847604 0.171837
0 0.96373 0.284222 0.0719341 0.118742
0 0.639645 0.265526 0.087862 0.131177
0 0.188487 0.386506 0.154978 0.295632
0 0.853981 0.2153 0.0920876 0.0940088
0 0.401595 0.354031 0.138973 0.219459
0 0.188108 0.386087 0.155166 0.297382
0 0.344126 0.273352 0.0966901 0.103502
0 0.639632 0.190315 0.0431087 0.0342878
0 0.888378 0.223159 0.112495 0.0758018
0 0.42541 0.302179 0.174892 0.14141
0 0.422841 0.33834 0.181297 0.212372
0 0.345412 0.305494 0.097497 0.164984
0 0.52971 0.233426 0.0772877 0.08183
0 0.529497 0.235037 0.0772155 0.083282