0 0.414733 0.326652 0.167626 0.161923
0 0.506752 0.380321 0.0627791 0.192847
0 0.540339 0.260336 0.0987429 0.0776126
0 0.37367 0.280574 0.096629 0.0980693
0 0.298835 0.383595 0.13662 0.259833
0 0.668122 0.279866 0.0704094 0.126642
0 0.778937 0.321703 0.0886709 0.173183
0 0.879889 0.379935 0.109619 0.132191
0 0.218218 0.343054 0.151207 0.232601
0 0.880816 0.381514 0.110056 0.130614
0 0.254795 0.369251 0.224705 0.28326
0 0.924455 0.343184 0.126953 0.180611
0 0.88987 0.276851 0.106433 0.094163
0 0.888837 0.276138 0.106799 0.092593
0 0.98237 0.362572 0.0345779 0.113993
0 0.686141 0.27117 0.0355358 0.117682