0 0.437443 0.347102 0.154138 0.183613
0 0.560032 0.366885 0.053742 0.160045
0 0.905189 0.374969 0.109341 0.140236
0 0.780681 0.318108 0.0962219 0.164871
0 0.278113 0.39403 0.122974 0.287244
0 0.866362 0.292506 0.093911 0.138601
0 0.480909 0.270395 0.0904735 0.0855502
0 0.347349 0.290965 0.0510738 0.100236
0 0.671564 0.284862 0.0747795 0.114177
0 0.700803 0.261618 0.0385168 0.0986325
0 0.927594 0.322434 0.118446 0.161365
0 0.350362 0.320904 0.0562843 0.159948
0 0.497954 0.273122 0.0581755 0.0821407