0 0.958913 0.360439 0.0803532 0.140358
0 0.611183 0.329418 0.0482462 0.131548
0 0.464164 0.320486 0.163629 0.163827
0 0.82618 0.307777 0.0950935 0.175995
0 0.312451 0.38624 0.100376 0.267983
0 0.712012 0.257506 0.0957739 0.110405
0 0.964399 0.27645 0.0707405 0.103145
0 0.565126 0.258952 0.0904773 0.0865495
0 0.28037 0.367431 0.160199 0.273515
0 0.907979 0.295617 0.0879631 0.154737
0 0.906887 0.272912 0.0875458 0.110945
0 0.406574 0.306512 0.0945013 0.154057
0 0.964103 0.303561 0.0711205 0.157035
0 0.821254 0.260135 0.0965773 0.10967