0 0.156469 0.387425 0.260334 0.283269
0 0.430335 0.328174 0.0837735 0.190763
0 0.818403 0.346955 0.115818 0.124797
0 0.306077 0.312783 0.126883 0.182604
0 0.203719 0.276564 0.0845084 0.121378
0 0.679298 0.353377 0.0876009 0.145151
0 0.891169 0.358958 0.0541161 0.0916929
0 0.474072 0.263234 0.0508577 0.0995552
0 0.697245 0.292988 0.135568 0.130441
0 0.951118 0.323244 0.0457935 0.168068
0 0.512232 0.265676 0.0401731 0.0878009
0 0.711098 0.306587 0.108258 0.112073
0 0.858405 0.254984 0.0279001 0.0502256