0 0.231757 0.420808 0.149037 0.265535
0 0.680799 0.352414 0.115756 0.135779
0 0.976379 0.302847 0.0330391 0.199235
0 0.303478 0.338723 0.0731597 0.160873
0 0.441941 0.351063 0.0817408 0.182556
0 0.780864 0.325472 0.0895529 0.0789072
0 0.214947 0.289357 0.0704095 0.0613848
0 0.552397 0.277136 0.0500359 0.080903
0 0.847547 0.338565 0.0605854 0.0864728
0 0.780738 0.32416 0.0895858 0.0794371
0 0.490488 0.280086 0.0497633 0.0830961
0 0.848093 0.337796 0.0610817 0.0863443
0 0.214367 0.288625 0.0704169 0.0591371