0 0.368859 0.46268 0.064779 0.187592
0 0.920201 0.416478 0.0475271 0.219919
0 0.583865 0.383051 0.0620621 0.0647151
0 0.437144 0.448837 0.0595928 0.121258
0 0.866622 0.387053 0.0306404 0.118316
0 0.253388 0.439367 0.0652258 0.129616
0 0.46847 0.421946 0.0473455 0.133467
0 0.330503 0.40819 0.0519188 0.0998405
0 0.552869 0.455121 0.0735573 0.0754403
0 0.470595 0.399697 0.0522667 0.176972
0 0.0639953 0.493708 0.127352 0.236036
0 0.581048 0.449052 0.0790693 0.0891781
0 0.277824 0.37721 0.0375122 0.0453934
0 0.598056 0.448607 0.0464117 0.0885713
0 0.460369 0.423658 0.0636107 0.144428