0 0.12851 0.481352 0.0624243 0.12813
0 0.328746 0.475745 0.0487199 0.110938
0 0.243497 0.505111 0.0799095 0.178197
0 0.450516 0.478175 0.105298 0.0986199
0 0.74743 0.398376 0.0302606 0.108678
0 0.472201 0.406532 0.0644399 0.0648607
0 0.204317 0.447697 0.0479917 0.103023
0 0.786834 0.43868 0.0467406 0.18623
0 0.288908 0.427736 0.0361657 0.0889519
0 0.352855 0.446631 0.0493263 0.134003
0 0.321739 0.405734 0.0358207 0.0627088
0 0.160208 0.418716 0.0335578 0.0522376
0 0.204855 0.427956 0.047285 0.0633636