0 0.107728 0.449357 0.081156 0.170527
0 0.67485 0.333114 0.0383425 0.186537
0 0.0117691 0.44498 0.0232529 0.138352
0 0.253288 0.464916 0.0649395 0.109959
0 0.366643 0.445253 0.0461179 0.115585
0 0.231138 0.414797 0.0582405 0.117277
0 0.296556 0.41335 0.0509549 0.0948795
0 0.0670057 0.375868 0.065381 0.0647154
0 0.410391 0.372177 0.0733842 0.090018
0 0.439784 0.314035 0.0170206 0.0460231
0 0.400829 0.368773 0.0550564 0.0831567
0 0.313543 0.33227 0.0162479 0.0668705
0 0.196679 0.379095 0.0339601 0.0845376