0 0.619151 0.288756 0.0398755 0.17088
0 0.736057 0.296909 0.0323207 0.13306
0 0.370008 0.410358 0.0492615 0.12255
0 0.317681 0.358522 0.0395734 0.0640983
0 0.24909 0.436018 0.0651348 0.11241
0 0.0872167 0.434155 0.0801461 0.18668
0 0.264087 0.334714 0.0461409 0.090254
0 0.414453 0.326284 0.0364682 0.0808385
0 0.21769 0.369074 0.0684305 0.122149
0 0.467017 0.27366 0.0255777 0.124446
0 0.00764575 0.391039 0.0152915 0.0774968
0 0.13427 0.397875 0.0343025 0.0864527
0 0.086716 0.340386 0.0775912 0.0544397