0 0.0696381 0.482334 0.0847693 0.173318
0 0.23632 0.49149 0.0674412 0.112767
0 0.359879 0.455455 0.061539 0.106207
0 0.307867 0.407752 0.0392966 0.0653554
0 0.740965 0.344644 0.0308731 0.127053
0 0.570743 0.342254 0.0306682 0.152981
0 0.216781 0.422945 0.0662287 0.0993046
0 0.416126 0.382614 0.032821 0.0864518
0 0.127153 0.467497 0.054396 0.0662322
0 0.0781315 0.388538 0.0695953 0.040761
0 0.476472 0.307166 0.0195688 0.101874
0 0.460644 0.275857 0.0174375 0.0944047
0 0.460928 0.259927 0.0161402 0.0600186
0 0.247197 0.389484 0.0378763 0.0850191