0 0.286162 0.492905 0.0691667 0.100503
0 0.160451 0.529871 0.0761841 0.110523
0 0.967292 0.364345 0.0222504 0.120715
0 0.682615 0.396913 0.0330139 0.124075
0 0.343489 0.423323 0.0303096 0.0908025
0 0.0459838 0.514886 0.0914256 0.165426
0 0.243831 0.442195 0.0365507 0.0838562
0 0.217974 0.421888 0.0420491 0.0837865
0 0.137436 0.459658 0.0627688 0.105066
0 0.423774 0.377832 0.0158377 0.0850839
0 0.440634 0.376312 0.0287992 0.0941366
0 0.177556 0.414011 0.0476362 0.0651041
0 0.398464 0.312969 0.0206406 0.0944681