0 0.272532 0.472978 0.0651598 0.100056
0 0.152582 0.507456 0.0649675 0.105048
0 0.671299 0.374291 0.031111 0.117841
0 0.00890136 0.489467 0.0178027 0.110498
0 0.42209 0.354097 0.031572 0.106007
0 0.127595 0.443215 0.0583223 0.121924
0 0.954325 0.346031 0.0213097 0.121483
0 0.233956 0.41844 0.0339858 0.0767565
0 0.328699 0.399387 0.0302462 0.0817612
0 0.394101 0.355728 0.0209399 0.0789108
0 0.206516 0.404599 0.0405102 0.085849
0 0.161602 0.395778 0.0440534 0.0635449
0 0.154772 0.395169 0.0337072 0.0593533
0 0.177105 0.382306 0.0259147 0.0499154
0 0.0134266 0.433826 0.026083 0.0399526