0 0.10844 0.478633 0.137875 0.217194
0 0.890151 0.353537 0.0453041 0.147648
0 0.834174 0.36985 0.0319122 0.0870092
0 0.607958 0.470678 0.0402039 0.110837
0 0.396992 0.412636 0.0651183 0.0983478
0 0.501209 0.43159 0.061939 0.154128
0 0.501146 0.43242 0.0611937 0.152709
0 0.607945 0.4703 0.04009 0.110434
0 0.679177 0.436916 0.0411926 0.0643255
0 0.397418 0.413539 0.0651798 0.0995251
0 0.834262 0.367419 0.0311955 0.0817656
0 0.679523 0.436253 0.041757 0.065464
0 0.65914 0.391281 0.0531514 0.0906971