0 0.210944 0.424324 0.15844 0.209395
0 0.731637 0.440437 0.0432808 0.0759559
0 0.648976 0.467249 0.0381824 0.112888
0 0.719458 0.390871 0.0503397 0.0949172
0 0.451961 0.397779 0.063973 0.104258
0 0.921243 0.385608 0.0335445 0.0890035
0 0.554871 0.423621 0.0776692 0.164202
0 0.985274 0.379764 0.0286255 0.136022
0 0.920537 0.384809 0.0333778 0.086741
0 0.783507 0.361719 0.0379464 0.0752516
0 0.45264 0.396993 0.0632582 0.102391
0 0.553109 0.422738 0.0757858 0.162864
0 0.77437 0.365781 0.0558602 0.0749437