0 0.834929 0.490648 0.0414534 0.0885231
0 0.7219 0.518477 0.0399248 0.108505
0 0.647057 0.476528 0.0628969 0.161256
0 0.934729 0.402388 0.0317657 0.0718893
0 0.34872 0.479039 0.139751 0.190947
0 0.862651 0.441131 0.0410954 0.115388
0 0.900683 0.427293 0.039386 0.0862611
0 0.348621 0.478318 0.14005 0.191844
0 0.830247 0.421467 0.0446442 0.0988539
0 0.904838 0.420286 0.0393337 0.0773454
0 0.568614 0.441776 0.0565715 0.0823159
0 0.696052 0.447895 0.0717184 0.122028
0 0.696082 0.413783 0.0720478 0.0530707