0 0.521331 0.384103 0.107925 0.122792
0 0.586012 0.365382 0.0663624 0.126588
0 0.690173 0.344276 0.0824997 0.129846
0 0.0552091 0.479928 0.0737403 0.139149
0 0.338621 0.501074 0.0668575 0.10639
0 0.438579 0.455408 0.057905 0.072297
0 0.192025 0.491563 0.0788169 0.193609
0 0.819463 0.303535 0.0543087 0.0996903
0 0.740481 0.299567 0.0490717 0.0763905
0 0.781066 0.303084 0.0370987 0.0894541
0 0.99358 0.280254 0.0121181 0.153173
0 0.16942 0.417425 0.0426124 0.0692188
0 0.740905 0.314385 0.0542272 0.1084