0 0.465456 0.374387 0.108807 0.134897
0 0.0504039 0.426463 0.100808 0.176402
0 0.93853 0.331924 0.0289413 0.153315
0 0.167587 0.460619 0.0728006 0.0757724
0 0.297053 0.478638 0.0721922 0.144987
0 0.650039 0.362585 0.0435326 0.1296
0 0.166563 0.47549 0.0750656 0.106208
0 0.591732 0.361757 0.0719699 0.0959734
0 0.744375 0.330807 0.0351503 0.0937577
0 0.297494 0.450876 0.0723171 0.0884803
0 0.711499 0.32345 0.0371432 0.0712261
0 0.755888 0.330195 0.0575525 0.0911002
0 0.638406 0.357597 0.066534 0.138561
0 0.594305 0.308499 0.0305031 0.0281385
0 0.72721 0.33171 0.0687627 0.0934771