0 0.962766 0.289359 0.0296118 0.172577
0 0.0357183 0.465666 0.0714366 0.158113
0 0.272332 0.491756 0.0898953 0.132021
0 0.14612 0.524661 0.076716 0.13958
0 0.756053 0.318979 0.0378166 0.114091
0 0.653389 0.341704 0.0718895 0.123791
0 0.491632 0.381007 0.117143 0.149864
0 0.0660564 0.402134 0.0844615 0.0828285
0 0.962167 0.308056 0.0308994 0.137337
0 0.737766 0.319788 0.0749681 0.114528
0 0.961294 0.338228 0.0283554 0.0765484
0 0.491607 0.381308 0.117678 0.15041
0 0.719791 0.301363 0.0389862 0.0683096