0 0.157675 0.606403 0.0990226 0.127247
0 0.884394 0.433749 0.0304419 0.163113
0 0.0245733 0.631217 0.0488082 0.120024
0 0.258536 0.497967 0.152108 0.156485
0 0.416831 0.470631 0.0850187 0.105573
0 0.640879 0.445223 0.057205 0.101577
0 0.502493 0.463809 0.0326799 0.0862584
0 0.674511 0.448572 0.0463831 0.113128
0 0.592982 0.439376 0.0392099 0.0751039
0 0.281221 0.497173 0.105673 0.155755
0 0.0247513 0.630647 0.0493847 0.119396
0 0.525516 0.43383 0.0306164 0.064348
0 0.56134 0.433184 0.028558 0.0638897
0 0.674257 0.447866 0.046004 0.111524