0 0.446105 0.403315 0.0509314 0.165733
0 0.53067 0.368282 0.0399397 0.089856
0 0.769874 0.345092 0.0284194 0.184433
0 0.383445 0.373397 0.0343168 0.0752758
0 0.245984 0.485009 0.0786473 0.197296
0 0.352714 0.407564 0.0330966 0.0892334
0 0.166459 0.455576 0.0885376 0.138537
0 0.166613 0.456018 0.0884296 0.138879
0 0.485846 0.362121 0.0413958 0.0972892
0 0.26839 0.423704 0.0581978 0.114758
0 0.0886481 0.358907 0.0500084 0.0761287
0 0.337651 0.371339 0.0488588 0.0854045
0 0.338405 0.360363 0.0439588 0.059564