0 0.20676 0.429226 0.087628 0.207291
0 0.133478 0.402402 0.0948043 0.180343
0 0.43563 0.357862 0.0554167 0.159725
0 0.516564 0.335277 0.0412088 0.0944668
0 0.270813 0.365859 0.0687953 0.128166
0 0.763013 0.343186 0.0551945 0.174794
0 0.378545 0.318582 0.0350619 0.0698064
0 0.481266 0.328428 0.0375639 0.0983523
0 0.762398 0.342048 0.0558901 0.174873
0 0.0878813 0.272689 0.0489443 0.0799482
0 0.330099 0.351164 0.05098 0.0896646
0 0.30865 0.301533 0.0392951 0.0611903
0 0.453735 0.282348 0.0246214 0.0512604