0 0.223556 0.442015 0.120757 0.254324
0 0.331257 0.347489 0.0518849 0.142238
0 0.37517 0.317265 0.0332558 0.0798918
0 0.489308 0.337986 0.0528213 0.161194
0 0.556516 0.296489 0.057411 0.107831
0 0.151761 0.406591 0.0856287 0.207818
0 0.331244 0.347091 0.0518878 0.139098
0 0.448547 0.288531 0.0432795 0.0892064
0 0.448111 0.288452 0.0417046 0.0878946
0 0.896388 0.282982 0.0555378 0.184528
0 0.175516 0.254886 0.0507069 0.0806986
0 0.501115 0.274804 0.0302186 0.0616976
0 0.897376 0.28432 0.0529251 0.182714