0 0.568759 0.151775 0.0357061 0.105033
0 0.495152 0.215368 0.0524052 0.163592
0 0.378015 0.217027 0.0335304 0.0800677
0 0.171771 0.411503 0.213887 0.27071
0 0.331618 0.271232 0.0559813 0.148084
0 0.543719 0.164987 0.0464172 0.105175
0 0.455165 0.174053 0.0431099 0.0857662
0 0.331625 0.271281 0.0563378 0.149199
0 0.444197 0.173687 0.0635698 0.0866449
0 0.51224 0.140728 0.0284528 0.055287
0 0.147942 0.34052 0.120422 0.135771
0 0.873694 0.150155 0.0178154 0.0162238
0 0.331196 0.184786 0.035353 0.0475544
0 0.540796 0.184474 0.0500511 0.145734