0 0.917585 0.363754 0.0656975 0.324606
0 0.172078 0.539348 0.144638 0.209469
0 0.40696 0.420988 0.0467331 0.128839
0 0.294372 0.477976 0.0541336 0.123466
0 0.486109 0.455314 0.0943422 0.208172
0 0.581807 0.3907 0.0637465 0.148436
0 0.545294 0.427982 0.0450768 0.152348
0 0.347117 0.387221 0.019253 0.0514625
0 0.0469695 0.565924 0.0933444 0.199002
0 0.581735 0.391539 0.0638453 0.14817
0 0.544584 0.427806 0.0451868 0.149395
0 0.59324 0.392437 0.0405247 0.145028
0 0.0138794 0.607348 0.0277471 0.117372