0 0.953887 0.339866 0.0677376 0.325436
0 0.0705755 0.555386 0.140759 0.200597
0 0.617267 0.373746 0.0756054 0.147513
0 0.513049 0.453355 0.08808 0.192825
0 0.325308 0.468792 0.0504942 0.119265
0 0.211568 0.530653 0.14154 0.200519
0 0.434933 0.408976 0.0454891 0.128422
0 0.571826 0.414357 0.0484196 0.150197
0 0.211541 0.530327 0.141616 0.198354
0 0.325014 0.46853 0.0508466 0.119634
0 0.627111 0.377209 0.0544748 0.140929
0 0.376819 0.375204 0.0198682 0.0481808
0 0.551209 0.435857 0.0422907 0.131066