0 0.900485 0.23187 0.0636003 0.283526
0 0.129456 0.317307 0.194382 0.195178
0 0.243615 0.251162 0.052668 0.134286
0 0.355512 0.281376 0.0608231 0.19577
0 0.399696 0.262282 0.0505772 0.176555
0 0.014198 0.303513 0.0282799 0.0979645
0 0.356018 0.281974 0.0607037 0.195666
0 0.283805 0.195237 0.0226178 0.0415104
0 0.427553 0.233552 0.0340303 0.131407
0 0.00911763 0.30038 0.0182353 0.0889218
0 0.400096 0.263149 0.0493098 0.176553
0 0.625006 0.61149 0.0579555 0.0467605
0 0.62515 0.610372 0.0575017 0.0500158