0 0.324342 0.471458 0.0926987 0.253583
0 0.812199 0.371402 0.062697 0.321592
0 0.561525 0.429976 0.0686401 0.215825
0 0.0577061 0.528326 0.114975 0.167596
0 0.193375 0.436149 0.0568226 0.139648
0 0.354178 0.319504 0.0985163 0.179586
0 0.641334 0.444166 0.0958637 0.180935
0 0.479725 0.304895 0.0294947 0.0641865
0 0.613843 0.466312 0.0484244 0.184337
0 0.088368 0.45329 0.175948 0.13137
0 0.0579308 0.430742 0.115587 0.0739705
0 0.661213 0.44498 0.0557656 0.178494
0 0.121798 0.453527 0.108336 0.134436
0 0.534329 0.319446 0.0403019 0.0886961