0 0.950468 0.312465 0.0548649 0.309271
0 0.766139 0.291475 0.0472452 0.160511
0 0.836188 0.294175 0.0280422 0.103771
0 0.882001 0.295507 0.0350697 0.120091
0 0.800717 0.27601 0.0366274 0.120417
0 0.419186 0.338932 0.0797174 0.147978
0 0.478316 0.30159 0.0522346 0.114246
0 0.858429 0.29047 0.022995 0.0991783
0 0.686039 0.225072 0.0378474 0.0471525
0 0.649906 0.220016 0.0433382 0.0500466
0 0.87387 0.293671 0.0512936 0.114937
0 0.106152 0.413496 0.0445093 0.192749
0 0.105592 0.413204 0.0444312 0.190207