0 0.644834 0.523301 0.150324 0.294955
0 0.379197 0.422349 0.0800145 0.209873
0 0.121578 0.446859 0.110302 0.212029
0 0.256782 0.435939 0.063068 0.147705
0 0.0505969 0.411435 0.0971227 0.159802
0 0.552785 0.377433 0.0592513 0.122149
0 0.185791 0.388203 0.0664667 0.121052
0 0.932034 0.343259 0.135447 0.157404
0 0.297523 0.373246 0.0233615 0.0663394
0 0.226953 0.377578 0.0438298 0.128945
0 0.272102 0.376428 0.0339216 0.102232
0 0.22709 0.355655 0.0442017 0.0852671
0 0.273006 0.364734 0.0294725 0.0771873