0 0.598635 0.492237 0.118975 0.283084
0 0.357094 0.387037 0.0919917 0.208834
0 0.22421 0.393949 0.0648242 0.152578
0 0.087542 0.406619 0.119289 0.222335
0 0.527801 0.342372 0.0617525 0.117735
0 0.0277443 0.388039 0.0554399 0.219289
0 0.267229 0.328545 0.0229971 0.0687847
0 0.239614 0.316923 0.0388472 0.0723579
0 0.189138 0.307611 0.0507208 0.0806349
0 0.151653 0.350725 0.0803018 0.137901
0 0.379269 0.300899 0.0363998 0.0829745
0 0.416448 0.301328 0.0490241 0.099391
0 0.189218 0.329596 0.0517699 0.121015
0 0.301465 0.298751 0.0255286 0.0556326
0 0.188584 0.357437 0.0526919 0.179602
0 0.468027 0.285491 0.0204647 0.0676775