0 0.600007 0.511292 0.1237 0.291808
0 0.353587 0.413197 0.0790718 0.213526
0 0.534351 0.3523 0.0626409 0.126559
0 0.084674 0.445237 0.121299 0.227034
0 0.221534 0.424949 0.0793023 0.164312
0 0.0279871 0.435483 0.0558812 0.224448
0 0.143483 0.384157 0.0850064 0.136068
0 0.2704 0.359247 0.0229241 0.0629822
0 0.0278895 0.434853 0.055607 0.223772
0 0.18834 0.332192 0.0500836 0.0657328
0 0.470409 0.298687 0.0224742 0.0683957
0 0.427397 0.319732 0.0613917 0.104852
0 0.239051 0.357666 0.047721 0.0977371
0 0.382664 0.323596 0.0338494 0.0871858