0 0.674801 0.479512 0.13422 0.304606
0 0.428524 0.366348 0.0684022 0.229068
0 0.174488 0.390741 0.106952 0.224194
0 0.316658 0.383129 0.0669153 0.155682
0 0.245256 0.33242 0.0709571 0.13083
0 0.641122 0.300863 0.0637133 0.0854567
0 0.108875 0.367225 0.100634 0.195815
0 0.336081 0.325679 0.0367733 0.126259
0 0.527637 0.278053 0.0608834 0.105873
0 0.363344 0.309491 0.0249178 0.0660856
0 0.477004 0.281073 0.0320474 0.0898176
0 0.28876 0.287917 0.0401957 0.0765655
0 0.601973 0.25867 0.0448555 0.073332
0 0.567566 0.261523 0.0276989 0.0688749
0 0.121677 0.349729 0.07651 0.159823