0 0.603932 0.443791 0.122487 0.304501
0 0.373684 0.34418 0.0730629 0.228076
0 0.256592 0.35831 0.0721755 0.165492
0 0.591513 0.2725 0.0665792 0.0855444
0 0.472467 0.249712 0.070764 0.109119
0 0.0963092 0.36689 0.122656 0.242864
0 0.169521 0.302409 0.0959862 0.145868
0 0.305633 0.278802 0.0240048 0.0619213
0 0.429075 0.252781 0.033552 0.0934761
0 0.0375482 0.319498 0.0748885 0.185168
0 0.280132 0.291599 0.0391383 0.128214
0 0.279561 0.266363 0.0361417 0.0778275
0 0.51771 0.232693 0.0273756 0.0736467
0 0.550306 0.232043 0.038076 0.0728469
0 0.223922 0.259667 0.0436554 0.0911441