0 0.543997 0.458181 0.120123 0.297404
0 0.317612 0.384534 0.0865301 0.227517
0 0.552967 0.288247 0.0665449 0.0900536
0 0.0469629 0.458059 0.093666 0.261122
0 0.202108 0.424787 0.0872846 0.175804
0 0.428983 0.277455 0.0676579 0.110609
0 0.113002 0.376045 0.101704 0.159915
0 0.226038 0.354087 0.0471366 0.147072
0 0.167344 0.314753 0.0503469 0.0831066
0 0.38258 0.285873 0.0361341 0.0938222
0 0.250945 0.327246 0.0216368 0.0598631
0 0.958748 0.207962 0.0813723 0.12616
0 0.505743 0.252433 0.0398743 0.0779619
0 0.0133421 0.536609 0.0265087 0.103777
0 0.551275 0.232259 0.0462492 0.0466837
0 0.374726 0.284805 0.0517912 0.0935212