0 0.59381 0.482795 0.138415 0.316173
0 0.258265 0.430937 0.078523 0.17661
0 0.61113 0.320475 0.0780008 0.138392
0 0.174385 0.376956 0.0980185 0.159393
0 0.383251 0.394554 0.0637566 0.229421
0 0.0720404 0.460142 0.142952 0.284205
0 0.280347 0.35515 0.0430896 0.144579
0 0.488514 0.283024 0.0709093 0.117164
0 0.233392 0.313411 0.0436352 0.0751757
0 0.308991 0.32788 0.0261405 0.067717
0 0.442837 0.290821 0.0388901 0.0991347
0 0.561728 0.259323 0.0492472 0.0813664
0 0.615474 0.238777 0.0443131 0.0488342
0 0.412854 0.275313 0.0311562 0.0647603
0 0.0726834 0.458037 0.144656 0.284029