0 0.554136 0.443669 0.13166 0.303399
0 0.0495891 0.44718 0.0985107 0.271173
0 0.215532 0.412708 0.0831301 0.178185
0 0.330959 0.366344 0.0860656 0.226012
0 0.126058 0.359217 0.105467 0.155022
0 0.57421 0.259189 0.062427 0.134465
0 0.184099 0.297567 0.0486721 0.0798588
0 0.236142 0.339371 0.0439269 0.151093
0 0.446837 0.259412 0.0662445 0.115767
0 0.369459 0.255039 0.0304678 0.0648957
0 0.264857 0.310287 0.0243591 0.0602319
0 0.39884 0.266945 0.0380607 0.0984487
0 0.523243 0.233481 0.0407059 0.0799672