0 0.632041 0.46121 0.165901 0.312469
0 0.281072 0.407491 0.075545 0.185137
0 0.0827302 0.430852 0.164083 0.287417
0 0.400089 0.370078 0.0701495 0.236103
0 0.201113 0.348946 0.0931556 0.157199
0 0.6427 0.308918 0.0815374 0.155589
0 0.30462 0.333004 0.0445156 0.148042
0 0.516676 0.261562 0.0657148 0.112675
0 0.257435 0.287434 0.0441991 0.0765976
0 0.468006 0.269834 0.0418449 0.0982819
0 0.333287 0.306234 0.0238195 0.067701
0 0.4368 0.252293 0.0308317 0.0640293
0 0.595107 0.239884 0.0340695 0.0883126
0 0.648352 0.217945 0.0407526 0.0528247