0 0.572763 0.543832 0.130516 0.334803
0 0.0367321 0.564795 0.0731478 0.371095
0 0.648388 0.375769 0.116738 0.179347
0 0.146595 0.429561 0.132139 0.178882
0 0.233316 0.507809 0.0546477 0.217535
0 0.513709 0.32157 0.0696867 0.126591
0 0.231745 0.376246 0.0543486 0.126255
0 0.360478 0.438958 0.0834475 0.238534
0 0.290463 0.393569 0.0383858 0.154212
0 0.592704 0.292295 0.041696 0.0866968
0 0.463885 0.326839 0.040431 0.100922
0 0.0143515 0.371843 0.0284754 0.0427587
0 0.649604 0.277849 0.0641045 0.0652994
0 0.561453 0.290764 0.0333897 0.0846463
0 0.393476 0.322535 0.0369687 0.0769206
0 0.304219 0.390996 0.0661219 0.158112
0 0.662487 0.262031 0.0837749 0.0856439