0 0.456386 0.608578 0.113157 0.332776
0 0.253985 0.502412 0.082452 0.25436
0 0.425855 0.384323 0.0702921 0.125894
0 0.120987 0.586967 0.0724839 0.238268
0 0.556601 0.447073 0.11985 0.179149
0 0.184491 0.455716 0.0453263 0.16852
0 0.122066 0.433829 0.058353 0.136334
0 0.300354 0.394492 0.0336845 0.104906
0 0.0473545 0.486049 0.0942963 0.204987
0 0.501338 0.357758 0.04597 0.0871114
0 0.375988 0.388344 0.0417212 0.103017
0 0.471313 0.354461 0.0448648 0.0876314
0 0.560537 0.350401 0.0721819 0.0678842
0 0.486726 0.35647 0.0729633 0.0889322