0 0.466904 0.65484 0.116302 0.335172
0 0.581672 0.496235 0.118416 0.188102
0 0.268077 0.55757 0.0731296 0.253536
0 0.196758 0.50069 0.04093 0.153622
0 0.141086 0.483116 0.058577 0.132038
0 0.445939 0.432603 0.0802277 0.126388
0 0.133426 0.640716 0.0679421 0.24972
0 0.526224 0.405716 0.0496527 0.0899846
0 0.0523858 0.542513 0.104587 0.20071
0 0.321861 0.441729 0.0282403 0.103269
0 0.311628 0.442939 0.049961 0.103388
0 0.0525336 0.54236 0.105067 0.199627
0 0.39879 0.442536 0.0314018 0.0893726
0 0.489836 0.401785 0.0370638 0.0906499
0 0.569948 0.398698 0.0528374 0.0667169