0 0.45228 0.60635 0.109759 0.342698
0 0.242528 0.498069 0.0793938 0.264453
0 0.556869 0.435835 0.13077 0.185592
0 0.0390782 0.49042 0.0779349 0.192452
0 0.169173 0.450935 0.0443441 0.166855
0 0.420233 0.374215 0.0754252 0.124765
0 0.285908 0.387477 0.0426399 0.107498
0 0.106649 0.586988 0.0731756 0.251159
0 0.497429 0.345348 0.0478996 0.0869764
0 0.106399 0.431015 0.0658771 0.135436
0 0.36612 0.379728 0.0430345 0.106547
0 0.462156 0.341305 0.0385082 0.0894598
0 0.556681 0.333783 0.0657022 0.0608323