0 0.421704 0.538879 0.118722 0.35344
0 0.222618 0.429318 0.0748874 0.264736
0 0.153576 0.38416 0.0491824 0.170816
0 0.0773189 0.567977 0.103325 0.290453
0 0.0877829 0.365545 0.0721913 0.138062
0 0.582246 0.37059 0.142453 0.204377
0 0.431646 0.298975 0.086425 0.137659
0 0.288688 0.31807 0.0377982 0.115325
0 0.0197781 0.416569 0.0394555 0.147748
0 0.55685 0.268881 0.107849 0.103004
0 0.366044 0.30796 0.0377102 0.11518
0 0.498626 0.269353 0.0556919 0.0933126
0 0.337152 0.285281 0.027465 0.0649536
0 0.490232 0.270268 0.040873 0.0935368
0 0.245974 0.306527 0.0483349 0.0814716