0 0.0963351 0.636412 0.111357 0.317008
0 0.598176 0.417151 0.15096 0.214694
0 0.128992 0.410989 0.0698263 0.146965
0 0.260073 0.475445 0.0716767 0.269572
0 0.192945 0.425543 0.0456207 0.169003
0 0.438698 0.568936 0.103459 0.326782
0 0.322482 0.358266 0.0565554 0.111829
0 0.472385 0.339385 0.0780364 0.144714
0 0.0377248 0.493593 0.0750739 0.21492
0 0.584612 0.300182 0.0999167 0.0776317
0 0.532426 0.31065 0.0572003 0.0982888
0 0.584279 0.311614 0.103848 0.107917
0 0.407124 0.348849 0.0440516 0.12031
0 0.27996 0.347905 0.0429732 0.0746235
0 0.415937 0.33916 0.0589723 0.140883