0 0.111838 0.650491 0.109375 0.303925
0 0.44287 0.586888 0.104461 0.339642
0 0.260686 0.494897 0.0706312 0.265826
0 0.194833 0.443593 0.0461369 0.155135
0 0.0451923 0.512281 0.090032 0.217241
0 0.133656 0.431159 0.068274 0.140445
0 0.598401 0.420735 0.134123 0.206816
0 0.410112 0.364031 0.0450404 0.11954
0 0.468874 0.352363 0.0804016 0.138264
0 0.324332 0.376931 0.0529854 0.113101
0 0.587927 0.306332 0.0972524 0.080915
0 0.518295 0.322422 0.0486053 0.0935554
0 0.62955 0.260084 0.0661537 0.0494316
0 0.282334 0.366297 0.043557 0.0754735