0 0.340228 0.530134 0.141164 0.45568
0 0.940997 0.369696 0.117051 0.476195
0 0.703827 0.329752 0.156791 0.382699
0 0.166898 0.388211 0.148292 0.261815
0 0.0412067 0.386825 0.0818451 0.276924
0 0.525623 0.274034 0.165427 0.28866
0 0.413013 0.287255 0.110308 0.226097
0 0.884996 0.162271 0.123175 0.15288
0 0.789347 0.153103 0.0747706 0.134475
0 0.619691 0.274354 0.0507483 0.267837
0 0.303922 0.206661 0.0149448 0.0538498
0 0.217339 0.233966 0.0345335 0.0383092
0 0.797716 0.145686 0.0593471 0.118776
0 0.304166 0.206205 0.0149792 0.0531464