0 0.316536 0.502291 0.140212 0.509029
0 0.124487 0.337406 0.200853 0.27606
0 0.670801 0.311635 0.152756 0.396211
0 0.0166047 0.35875 0.0329215 0.280321
0 0.499955 0.245837 0.17649 0.301542
0 0.949897 0.371223 0.0993231 0.513801
0 0.599106 0.222954 0.0700646 0.228083
0 0.950423 0.352094 0.0981884 0.478751
0 0.196957 0.678411 0.139658 0.46836
0 0.707603 0.140044 0.114252 0.111021
0 0.783219 0.147079 0.0593695 0.123192
0 0.406266 0.232968 0.111018 0.283839
0 0.888893 0.156386 0.168424 0.142088
0 0.849251 0.15674 0.0914837 0.14184
0 0.0668502 0.185818 0.041866 0.0363192