0 0.233382 0.568081 0.321613 0.466144
0 0.114892 0.475108 0.229785 0.410605
0 0.54629 0.407168 0.143724 0.27015
0 0.268331 0.284741 0.0848111 0.131407
0 0.39953 0.306984 0.0535157 0.129323
0 0.890228 0.28307 0.0654552 0.246827
0 0.117651 0.243959 0.0583792 0.0812504
0 0.179648 0.248116 0.0634507 0.0846492
0 0.471019 0.307456 0.0319291 0.1314
0 0.222541 0.238258 0.0435822 0.0785343
0 0.88736 0.291027 0.0473579 0.227101
0 0.539005 0.255359 0.0511034 0.0581579
0 0.141658 0.245397 0.0381555 0.0831682
0 0.584787 0.255564 0.0562439 0.0664344
0 0.407208 0.204727 0.014801 0.0336345