0 0.0946527 0.47868 0.188405 0.369784
0 0.300941 0.377383 0.139896 0.212664
0 0.732866 0.238582 0.0855158 0.272478
0 0.371298 0.311316 0.0941145 0.144335
0 0.100773 0.280655 0.154017 0.153962
0 0.456679 0.274835 0.0675684 0.128568
0 0.252523 0.295307 0.0858049 0.15255
0 0.171444 0.210071 0.0597333 0.0772388
0 0.324384 0.232739 0.0725366 0.104969
0 0.48811 0.241043 0.0507815 0.1078
0 0.526696 0.240902 0.0360523 0.126718
0 0.557097 0.237943 0.0399303 0.126104
0 0.495859 0.236185 0.0351765 0.113507
0 0.272207 0.212029 0.0440482 0.102587
0 0.239974 0.204643 0.0620577 0.0677738