0 0.40915 0.38633 0.157966 0.220963
0 0.910806 0.245216 0.115357 0.288877
0 0.497838 0.308306 0.100679 0.151114
0 0.261456 0.288828 0.152421 0.172346
0 0.620096 0.259642 0.0694993 0.130945
0 0.115984 0.509235 0.231582 0.408861
0 0.401926 0.190324 0.0503882 0.0560825
0 0.681879 0.225366 0.0331596 0.137248
0 0.713809 0.210672 0.0367302 0.12929
0 0.345743 0.200145 0.0497857 0.0719797
0 0.401789 0.247894 0.0763304 0.0819114
0 0.467262 0.211156 0.0786306 0.0798585
0 0.657068 0.203877 0.0270055 0.0920228