0 0.444234 0.385388 0.154522 0.21542
0 0.317481 0.277611 0.117635 0.156309
0 0.530831 0.310998 0.110719 0.14678
0 0.952677 0.264678 0.0934702 0.286502
0 0.144344 0.502339 0.170287 0.404065
0 0.665262 0.250076 0.0677901 0.150284
0 0.449679 0.190524 0.0466848 0.056366
0 0.760882 0.218144 0.0379438 0.120438
0 0.396212 0.19954 0.0498022 0.0730191
0 0.0511397 0.398326 0.101894 0.221842
0 0.443774 0.252473 0.0734222 0.0850497
0 0.722068 0.226489 0.0480476 0.13331
0 0.0763358 0.397393 0.152607 0.224074
0 0.501909 0.212436 0.0694712 0.0765401
0 0.496716 0.2313 0.0800448 0.112827