0 0.145937 0.498598 0.177064 0.40714
0 0.336512 0.258443 0.117836 0.162715
0 0.453811 0.369807 0.149644 0.212024
0 0.542503 0.290211 0.110001 0.15434
0 0.968426 0.240626 0.0625568 0.293619
0 0.45859 0.231299 0.0709169 0.0918246
0 0.0902874 0.387705 0.157059 0.220257
0 0.685939 0.222684 0.0693975 0.156467
0 0.783388 0.194955 0.0387638 0.14125
0 0.417062 0.173032 0.0485259 0.0717269
0 0.466588 0.163974 0.0436859 0.0614214
0 0.746398 0.198449 0.0520293 0.143118
0 0.968238 0.121362 0.063523 0.0602566
0 0.522467 0.188594 0.0730825 0.0820982