0 0.430651 0.380462 0.168302 0.218763
0 0.340599 0.258731 0.117993 0.162467
0 0.107433 0.495971 0.180722 0.42863
0 0.966855 0.291475 0.0657274 0.305103
0 0.534019 0.307589 0.113641 0.160417
0 0.101135 0.370144 0.174922 0.222564
0 0.686011 0.250299 0.0739243 0.158735
0 0.784123 0.22765 0.0404662 0.14098
0 0.745005 0.227369 0.0492894 0.140191
0 0.458359 0.241524 0.0714811 0.0923131
0 0.525084 0.204239 0.0622063 0.0798965
0 0.558621 0.169582 0.0553287 0.0735473
0 0.424142 0.178708 0.0506349 0.0718838
0 0.100665 0.333741 0.174189 0.152761
0 0.474501 0.176102 0.0475927 0.0623995
0 0.697242 0.248713 0.0540775 0.150628
0 0.100956 0.307784 0.174233 0.100294