0 0.370677 0.494001 0.146741 0.232414
0 0.276938 0.35913 0.130459 0.167048
0 0.0673165 0.475851 0.133693 0.224834
0 0.922429 0.38567 0.0994329 0.307014
0 0.464141 0.407001 0.112646 0.161454
0 0.399866 0.344262 0.0819909 0.099165
0 0.374303 0.27257 0.0506414 0.0705021
0 0.690642 0.322045 0.0432362 0.138093
0 0.259631 0.259755 0.0461619 0.0404711
0 0.716891 0.318923 0.0422053 0.130291
0 0.420114 0.270735 0.0390747 0.0653241
0 0.635929 0.342611 0.0502825 0.144189
0 0.90901 0.216973 0.0168619 0.0472879
0 0.461967 0.300069 0.0852213 0.083093
0 0.626833 0.343532 0.0651531 0.152518
0 0.754503 0.223082 0.0154375 0.0339858
0 0.0224186 0.687651 0.0446204 0.294594