0 0.263946 0.368213 0.130816 0.166825
0 0.340373 0.51137 0.147324 0.236182
0 0.0583393 0.482805 0.116329 0.230253
0 0.908926 0.405465 0.0894196 0.358371
0 0.612644 0.370784 0.0614471 0.151223
0 0.363291 0.288499 0.0435092 0.0696417
0 0.449815 0.432687 0.125167 0.170225
0 0.382204 0.363193 0.0777946 0.102217
0 0.678317 0.353633 0.0448472 0.14496
0 0.250462 0.271466 0.0461357 0.0387669
0 0.708468 0.352125 0.0393996 0.13463
0 0.504877 0.285009 0.0450665 0.0712729
0 0.442369 0.319992 0.0835239 0.0825638
0 0.413966 0.28798 0.0461569 0.0641403
0 0.464413 0.270121 0.0337868 0.0490967
0 0.837303 0.250795 0.0234535 0.032504
0 0.414861 0.278176 0.0466923 0.0435831
0 0.690033 0.354084 0.0667469 0.143272