0 0.0486876 0.520377 0.0968035 0.277552
0 0.66206 0.383399 0.0653457 0.347176
0 0.386043 0.332871 0.0786915 0.152992
0 0.116006 0.349349 0.101909 0.174112
0 0.124615 0.230958 0.0586629 0.0772637
0 0.209614 0.3072 0.164392 0.169189
0 0.163554 0.414056 0.160426 0.202193
0 0.483203 0.31544 0.0435568 0.143092
0 0.257383 0.235605 0.0553651 0.0828785
0 0.295433 0.238811 0.051837 0.0776036
0 0.446314 0.315543 0.0368631 0.1356
0 0.185924 0.22091 0.0598154 0.0403857
0 0.0261015 0.317317 0.051942 0.168518
0 0.934017 0.23552 0.0662357 0.0712652
0 0.624673 0.220815 0.0205218 0.0299901
0 0.0258644 0.343915 0.0515636 0.116118
0 0.96948 0.206914 0.0604679 0.12435
0 0.465112 0.317059 0.0745009 0.144662
0 0.586431 0.224555 0.0286279 0.0431987
0 0.00876517 0.218123 0.0174947 0.043362