0 0.321202 0.367109 0.0837825 0.159847
0 0.0751967 0.475609 0.149696 0.203607
0 0.123179 0.357407 0.175848 0.164713
0 0.590018 0.389615 0.0705477 0.342225
0 0.226481 0.27349 0.0501207 0.081763
0 0.0373707 0.290648 0.0624075 0.0842843
0 0.416582 0.335344 0.0476736 0.141826
0 0.379912 0.339125 0.0406913 0.139984
0 0.18526 0.277661 0.0625716 0.0860497
0 0.106541 0.268963 0.0643436 0.0400864
0 0.0412086 0.358476 0.0819286 0.0661573
0 0.0256443 0.488598 0.0510607 0.218619
0 0.854764 0.211117 0.0638893 0.0684258