0 0.265423 0.312961 0.102831 0.26221
0 0.0999048 0.20905 0.109461 0.179526
0 0.801116 0.210782 0.0926855 0.169925
0 0.445389 0.290484 0.0816995 0.26647
0 0.380694 0.254012 0.0803468 0.199007
0 0.551715 0.258512 0.0547909 0.194816
0 0.479495 0.205577 0.0563401 0.163241
0 0.336305 0.182257 0.0772241 0.111094
0 0.598318 0.184631 0.0572003 0.11966
0 0.908956 0.127933 0.0262583 0.076409
0 0.896012 0.231638 0.0439283 0.1607
0 0.683487 0.258668 0.0323185 0.12515
0 0.334181 0.200767 0.0822791 0.153132
0 0.29132 0.195366 0.0493396 0.108088