0 0.239966 0.353253 0.135418 0.262944
0 0.0734528 0.25159 0.104078 0.17663
0 0.77536 0.239288 0.0854162 0.167496
0 0.868776 0.25929 0.0438854 0.159269
0 0.512799 0.294457 0.0878703 0.197483
0 0.570892 0.216021 0.0634712 0.113208
0 0.31603 0.215706 0.0766521 0.103851
0 0.659578 0.291609 0.0319183 0.130453
0 0.376578 0.309925 0.141145 0.236257
0 0.421614 0.319475 0.0793197 0.26279
0 0.452802 0.227508 0.0557026 0.133109
0 0.52695 0.294842 0.059251 0.198312
0 0.361107 0.292271 0.120073 0.213
0 0.315917 0.240502 0.0761338 0.154425