0 0.716845 0.217056 0.0966705 0.165398
0 0.2175 0.335912 0.110049 0.264572
0 0.830202 0.235653 0.0690233 0.154369
0 0.0374964 0.23641 0.074633 0.168006
0 0.490258 0.26941 0.0593308 0.201478
0 0.531992 0.194347 0.0492954 0.111354
0 0.275163 0.197568 0.0786735 0.102478
0 0.414655 0.21917 0.0621122 0.158774
0 0.608998 0.268881 0.0418773 0.128359
0 0.375226 0.300531 0.0796385 0.282676
0 0.842476 0.131809 0.0297695 0.0786414
0 0.321183 0.303196 0.123031 0.251612
0 0.341569 0.302167 0.145884 0.279912
0 0.993019 0.203704 0.0132906 0.118268
0 0.417339 0.244765 0.0652807 0.204279
0 0.376503 0.256939 0.0799823 0.207262