0 0.713113 0.359759 0.138366 0.162623
0 0.0438611 0.435187 0.0876144 0.27715
0 0.61197 0.330291 0.126559 0.17386
0 0.376071 0.365234 0.068157 0.186365
0 0.172153 0.417117 0.13529 0.285814
0 0.120611 0.293791 0.0799841 0.118928
0 0.30019 0.334243 0.106666 0.157346
0 0.767074 0.239284 0.0162332 0.0791044
0 0.931888 0.356411 0.0653822 0.188214
0 0.754513 0.239325 0.0157902 0.0806964
0 0.473221 0.382617 0.0308338 0.140293
0 0.397085 0.282564 0.039536 0.0859641
0 0.884663 0.335464 0.0683043 0.150194
0 0.907962 0.35317 0.114281 0.189185
0 0.253265 0.320265 0.0530006 0.164619
0 0.254426 0.292844 0.0542653 0.11068