0 0.60767 0.360568 0.111319 0.172429
0 0.737696 0.387503 0.117283 0.160268
0 0.0523432 0.472431 0.104538 0.280461
0 0.318942 0.363809 0.118122 0.17375
0 0.938424 0.384527 0.0682186 0.189946
0 0.127948 0.326236 0.0759861 0.116246
0 0.167328 0.452366 0.154791 0.285461
0 0.894055 0.361074 0.0684212 0.145781
0 0.256156 0.354224 0.0478371 0.165325
0 0.387681 0.392655 0.0622278 0.186293
0 0.479068 0.411176 0.0330999 0.132229
0 0.190714 0.454517 0.109659 0.289915
0 0.402247 0.31425 0.0384439 0.092185
0 0.768029 0.265471 0.0283603 0.0804139
0 0.152368 0.414737 0.124666 0.218835