0 0.779564 0.33411 0.144003 0.164947
0 0.642799 0.311011 0.118803 0.1752
0 0.0834012 0.452639 0.117843 0.285374
0 0.200064 0.431522 0.144865 0.300313
0 0.298262 0.316447 0.0637997 0.156533
0 0.380628 0.329186 0.0845938 0.151631
0 0.42334 0.361579 0.0605126 0.194609
0 0.975234 0.31487 0.0490894 0.184175
0 0.942722 0.298629 0.0656414 0.151364
0 0.16707 0.300732 0.0779088 0.116955
0 0.515445 0.372177 0.0323567 0.138166
0 0.440349 0.289329 0.0430887 0.113968
0 0.826539 0.211114 0.0187429 0.0770745
0 0.953816 0.29981 0.0908947 0.158612
0 0.822471 0.210871 0.0239491 0.0785403