0 0.135515 0.397756 0.177547 0.281964
0 0.497227 0.276945 0.119288 0.183459
0 0.259103 0.316632 0.062689 0.201059
0 0.635322 0.295768 0.104004 0.166473
0 0.827808 0.276787 0.10198 0.190159
0 0.0299869 0.348258 0.0599739 0.202032
0 0.32078 0.282563 0.130009 0.178092
0 0.368069 0.331251 0.0801498 0.137304
0 0.132145 0.235454 0.0681284 0.0783408
0 0.0595187 0.241799 0.0862391 0.0932928
0 0.733223 0.163151 0.0180223 0.0689246
0 0.331227 0.285203 0.097991 0.163196
0 0.721976 0.161587 0.0200216 0.0720345