0 0.175476 0.391723 0.168368 0.273991
0 0.0495974 0.358373 0.0990472 0.227834
0 0.528478 0.262931 0.131059 0.188585
0 0.677798 0.277966 0.0892029 0.169256
0 0.857743 0.252791 0.0971153 0.19562
0 0.372627 0.273002 0.102732 0.158357
0 0.287767 0.314554 0.0652771 0.193391
0 0.161974 0.230084 0.0632513 0.0687572
0 0.396692 0.322489 0.077027 0.141741
0 0.0974419 0.251669 0.0739233 0.116103
0 0.304592 0.264991 0.0491891 0.16529
0 0.762961 0.140305 0.0288007 0.0715914
0 0.768926 0.141045 0.0187853 0.0694027