0 0.604913 0.253335 0.178286 0.194242
0 0.0597498 0.357187 0.119065 0.222189
0 0.250539 0.385312 0.18901 0.291537
0 0.93251 0.243469 0.114928 0.223412
0 0.435679 0.323968 0.0882651 0.153097
0 0.447461 0.244506 0.0920317 0.15281
0 0.774176 0.257143 0.0884434 0.167696
0 0.171982 0.26851 0.142644 0.17602
0 0.0148825 0.399645 0.0295639 0.186285
0 0.298403 0.290332 0.121207 0.189563
0 0.35771 0.237192 0.0631668 0.134636
0 0.982652 0.296112 0.0342052 0.111623
0 0.909096 0.115677 0.0301947 0.058967
0 0.355929 0.277977 0.0669068 0.20926