0 0.086101 0.357604 0.171776 0.232975
0 0.502954 0.358789 0.214955 0.254219
0 0.697961 0.279459 0.0683077 0.195382
0 0.275074 0.271671 0.106465 0.164431
0 0.198922 0.26927 0.0675658 0.159229
0 0.896471 0.296407 0.101343 0.179154
0 0.0249519 0.448504 0.0494835 0.177209
0 0.369358 0.257475 0.0450316 0.126238
0 0.528184 0.220975 0.0689844 0.056341
0 0.432948 0.30328 0.0936427 0.186193
0 0.97928 0.258716 0.0408756 0.145915
0 0.979176 0.292239 0.0408066 0.210211
0 0.912728 0.288633 0.0690804 0.164109
0 0.992356 0.159997 0.0146112 0.0714047