0 0.506098 0.364512 0.229376 0.250555
0 0.0732453 0.370983 0.145906 0.224398
0 0.669949 0.278457 0.0546528 0.194176
0 0.970945 0.304535 0.057168 0.228632
0 0.887033 0.294537 0.0592304 0.174261
0 0.246719 0.294542 0.116556 0.145762
0 0.347238 0.266561 0.0691092 0.125931
0 0.506047 0.222327 0.0500937 0.0545877
0 0.422119 0.273277 0.0993765 0.122158
0 0.0213941 0.467217 0.042758 0.159403
0 0.948613 0.255146 0.0391884 0.14136
0 0.172669 0.280444 0.0745334 0.161263
0 0.219857 0.280839 0.170621 0.165472
0 0.977025 0.151566 0.0176895 0.0741474
0 0.977584 0.151352 0.0187878 0.0771305