0 0.218525 0.367301 0.156635 0.191794
0 0.586167 0.334872 0.13949 0.260842
0 0.416908 0.298512 0.0742344 0.193565
0 0.0403673 0.327285 0.0802133 0.173278
0 0.488756 0.264763 0.0594732 0.161785
0 0.898849 0.237846 0.0575029 0.177368
0 0.898708 0.237729 0.0584976 0.177444
0 0.280508 0.258963 0.0637147 0.154623
0 0.141443 0.273537 0.0461979 0.119223
0 0.216569 0.233308 0.054481 0.0874998
0 0.545623 0.28711 0.0653801 0.190998
0 0.438157 0.252627 0.0435459 0.165192
0 0.382533 0.275388 0.0369016 0.19298
0 0.190268 0.253714 0.0682816 0.064681