0 0.0927098 0.322105 0.184974 0.194496
0 0.312019 0.345248 0.155149 0.169566
0 0.962719 0.240692 0.0563435 0.176624
0 0.279297 0.227064 0.055737 0.0850152
0 0.345179 0.228732 0.0558226 0.101338
0 0.692704 0.327745 0.138166 0.241725
0 0.605269 0.282499 0.0627817 0.187377
0 0.468863 0.293889 0.0799786 0.192568
0 0.244406 0.300461 0.0777589 0.171053
0 0.605684 0.282816 0.0620634 0.186697
0 0.548571 0.259101 0.0612527 0.156852
0 0.210469 0.283633 0.0443796 0.150434
0 0.209833 0.240537 0.043874 0.0680134
0 0.494838 0.207239 0.0373942 0.0813783