0 0.746329 0.328411 0.145391 0.232985
0 0.361518 0.345008 0.154906 0.167121
0 0.145963 0.324054 0.197798 0.188788
0 0.506956 0.301465 0.0759907 0.188409
0 0.641115 0.292339 0.0626755 0.190105
0 0.380296 0.230437 0.0553726 0.0931469
0 0.987042 0.24367 0.0253323 0.158852
0 0.289994 0.310231 0.0771243 0.187741
0 0.0311976 0.305197 0.0621726 0.159698
0 0.527348 0.212549 0.0382581 0.0776951
0 0.249916 0.280759 0.0452187 0.133685
0 0.313315 0.231848 0.0479846 0.0786368
0 0.478792 0.218948 0.0354944 0.0719588
0 0.595238 0.26904 0.041731 0.149462
0 0.581173 0.261138 0.0573812 0.149323