0 0.208804 0.323887 0.182037 0.189825
0 0.787855 0.313235 0.157553 0.229236
0 0.0402265 0.314653 0.0800125 0.174616
0 0.657087 0.279766 0.0626215 0.19052
0 0.600001 0.251751 0.0579369 0.146013
0 0.402976 0.337171 0.14266 0.17941
0 0.268768 0.248469 0.0449532 0.0793182
0 0.395408 0.221834 0.0542166 0.0892292
0 0.309145 0.296787 0.0736636 0.162069
0 0.519019 0.288363 0.0792526 0.200644
0 0.395247 0.222247 0.0555917 0.0892719
0 0.330991 0.230963 0.0519211 0.0911583
0 0.54269 0.212847 0.0372907 0.0859802