0 0.271178 0.305837 0.120128 0.188501
0 0.484639 0.33351 0.131016 0.160495
0 0.348274 0.263031 0.0541982 0.169736
0 0.903796 0.298528 0.160537 0.245868
0 0.630382 0.293803 0.0916534 0.190027
0 0.445975 0.217598 0.0349035 0.0806279
0 0.47436 0.233494 0.0626337 0.0577888
0 0.279176 0.201717 0.0456735 0.0425867
0 0.0295489 0.30051 0.0586486 0.173032
0 0.571879 0.276431 0.0340876 0.126905
0 0.22836 0.256658 0.0535625 0.115675
0 0.495645 0.202885 0.0354271 0.0513253
0 0.500403 0.222741 0.0461442 0.0891229
0 0.555952 0.263139 0.061588 0.154015