0 0.740334 0.444274 0.129543 0.193377
0 0.259996 0.431238 0.118403 0.201013
0 0.639408 0.407504 0.098488 0.210063
0 0.473151 0.421719 0.0670702 0.207736
0 0.926851 0.436915 0.143916 0.213873
0 0.559356 0.371949 0.0564337 0.157335
0 0.435579 0.344598 0.0367788 0.124586
0 0.0354406 0.425387 0.0704691 0.192528
0 0.498379 0.355144 0.0526485 0.141211
0 0.213564 0.378812 0.0585934 0.133646
0 0.335279 0.384544 0.0627661 0.140192
0 0.435848 0.367505 0.0385725 0.172816
0 0.275878 0.315363 0.0614483 0.0528762