0 0.931722 0.465661 0.135184 0.213265
0 0.0958479 0.371407 0.191006 0.222972
0 0.853938 0.415606 0.157606 0.236677
0 0.463229 0.398105 0.111511 0.206928
0 0.581309 0.325568 0.0383122 0.130299
0 0.720545 0.318195 0.0526216 0.0833673
0 0.361792 0.392621 0.0878971 0.200403
0 0.660481 0.406228 0.187344 0.222466
0 0.626627 0.330914 0.0466879 0.132863
0 0.627189 0.308454 0.0464064 0.0884677
0 0.64796 0.405483 0.0942038 0.222712
0 0.627512 0.297158 0.0446911 0.0631149
0 0.473926 0.285449 0.0557103 0.050919
0 0.980147 0.497199 0.0391178 0.136065