0 0.852176 0.320338 0.126107 0.213812
0 0.944258 0.311799 0.111084 0.247465
0 0.548347 0.30366 0.0898727 0.224768
0 0.735521 0.28649 0.121509 0.227502
0 0.265117 0.326783 0.0725179 0.20533
0 0.612693 0.247909 0.0596384 0.177935
0 0.377615 0.301936 0.121089 0.225639
0 0.470985 0.232616 0.0383175 0.129209
0 0.516887 0.237441 0.0450134 0.141662
0 0.233029 0.281149 0.0476822 0.147977
0 0.0269125 0.339808 0.0534261 0.196288
0 0.313904 0.273485 0.049882 0.190171
0 0.313753 0.241824 0.0488216 0.124217
0 0.232614 0.315062 0.0463926 0.212635