0 0.0462561 0.460932 0.0919446 0.22536
0 0.725118 0.415735 0.112202 0.163514
0 0.566773 0.427162 0.148662 0.207707
0 0.267503 0.431116 0.082391 0.20155
0 0.394431 0.398489 0.0982606 0.182034
0 0.813331 0.404954 0.0692642 0.151555
0 0.916055 0.441508 0.125573 0.160185
0 0.953831 0.396269 0.0920109 0.146592
0 0.469633 0.407667 0.0598415 0.138455
0 0.582354 0.371294 0.0874831 0.12807
0 0.254257 0.429462 0.0564484 0.195698
0 0.573004 0.331643 0.0686193 0.0623342
0 0.47021 0.346849 0.0634598 0.0521127