0 0.581015 0.508538 0.132448 0.160455
0 0.804279 0.519112 0.0864698 0.149219
0 0.205367 0.51234 0.120854 0.1537
0 0.652727 0.46618 0.0824572 0.122355
0 0.367867 0.534628 0.149414 0.208861
0 0.94958 0.47818 0.0429226 0.166051
0 0.978646 0.496541 0.0417583 0.156409
0 0.496065 0.497477 0.0943085 0.152926
0 0.310399 0.514858 0.0766181 0.179252
0 0.384861 0.449168 0.071739 0.0854208
0 0.0851001 0.531587 0.109865 0.174164
0 0.436919 0.533778 0.0413838 0.0837784
0 0.0197601 0.533094 0.0393693 0.141454
0 0.017247 0.52057 0.0340911 0.111854
0 0.0959555 0.546177 0.0864278 0.146044