0 0.365005 0.556292 0.136031 0.203691
0 0.588827 0.541211 0.117634 0.173943
0 0.493708 0.525846 0.102672 0.159012
0 0.172748 0.538509 0.112485 0.159606
0 0.0736997 0.556155 0.105178 0.173655
0 0.625626 0.49774 0.0842613 0.130002
0 0.37539 0.457684 0.0427918 0.0595976
0 0.79754 0.545149 0.0772528 0.151758
0 0.960955 0.508761 0.0769049 0.174535
0 0.0141946 0.542449 0.0283892 0.107563
0 0.305746 0.536336 0.0856668 0.173508
0 0.797416 0.54605 0.0769157 0.149157
0 0.287468 0.536754 0.0502491 0.17303
0 0.433715 0.559348 0.0423734 0.0712124