0 0.487129 0.529465 0.105354 0.156719
0 0.166671 0.542653 0.10746 0.162661
0 0.359392 0.564662 0.133897 0.199192
0 0.788313 0.549097 0.0772838 0.152529
0 0.584844 0.547852 0.12325 0.175356
0 0.297673 0.544269 0.093454 0.179513
0 0.0653925 0.560496 0.107368 0.173461
0 0.364051 0.463217 0.0447556 0.0512678
0 0.949196 0.515232 0.088534 0.174544
0 0.614746 0.501564 0.0818626 0.129578
0 0.0165461 0.567989 0.0328433 0.157256
0 0.4269 0.564414 0.0452141 0.0788015
0 0.616609 0.523048 0.0894553 0.167081
0 0.319009 0.539205 0.134044 0.186255