0 0.0452597 0.576823 0.0900883 0.389865
0 0.174859 0.442043 0.135974 0.219027
0 0.498144 0.44422 0.0936084 0.230364
0 0.603841 0.437679 0.0491074 0.194818
0 0.73403 0.386269 0.0883839 0.162751
0 0.324411 0.374865 0.10406 0.163178
0 0.825419 0.31073 0.0620296 0.0849469
0 0.369861 0.394495 0.0828694 0.183007
0 0.122258 0.41503 0.107314 0.191382
0 0.00521063 0.365513 0.010361 0.0613944
0 0.0135633 0.366162 0.0267757 0.0618261
0 0.00756977 0.366162 0.0151324 0.0611334
0 0.901173 0.444037 0.0188168 0.0275018