0 0.154091 0.610569 0.308182 0.399231
0 0.531253 0.524733 0.191796 0.31571
0 0.858052 0.500798 0.171498 0.23564
0 0.835676 0.381204 0.135289 0.150398
0 0.882622 0.373563 0.113775 0.0816285
0 0.221164 0.36094 0.128078 0.0677848
0 0.375216 0.432664 0.12496 0.236867
0 0.338885 0.360605 0.0971734 0.110416
0 0.550987 0.363041 0.130994 0.0975396
0 0.985969 0.449739 0.0275337 0.18794
0 0.236357 0.463176 0.201447 0.242466
0 0.895136 0.367228 0.0869465 0.0665751
0 0.556004 0.456038 0.142943 0.289839
0 0.0243816 0.42206 0.0483824 0.206021