0 0.805041 0.496006 0.183457 0.233075
0 0.783042 0.376818 0.127491 0.145209
0 0.138934 0.590699 0.277228 0.45272
0 0.966617 0.446582 0.0661648 0.195811
0 0.463395 0.496617 0.165312 0.334773
0 0.32485 0.414917 0.0977097 0.208204
0 0.842368 0.368987 0.102367 0.0714394
0 0.514588 0.428802 0.130015 0.230542
0 0.290629 0.369356 0.0980015 0.13315
0 0.166314 0.367538 0.14683 0.0890235
0 0.534159 0.430167 0.0919232 0.232638
0 0.170327 0.351857 0.136846 0.0555326
0 0.0331369 0.415424 0.0658145 0.0598645
0 0.0393434 0.415507 0.052913 0.0517737