0 0.474791 0.432839 0.13272 0.237074
0 0.742676 0.378908 0.122372 0.145197
0 0.770619 0.498367 0.172257 0.229873
0 0.421766 0.51723 0.188231 0.304267
0 0.103093 0.617195 0.205525 0.412236
0 0.93682 0.447079 0.113756 0.199408
0 0.287369 0.420242 0.0912053 0.208592
0 0.149478 0.503779 0.20411 0.284413
0 0.123361 0.37715 0.150248 0.0984656
0 0.823961 0.410541 0.144476 0.1509
0 0.249531 0.406743 0.10101 0.198471
0 0.805078 0.380613 0.114628 0.0894861
0 0.251963 0.360501 0.104557 0.111987
0 0.00991772 0.414543 0.0197354 0.0477988