0 0.484868 0.635367 0.340126 0.561436
0 0.0812846 0.500559 0.161556 0.413629
0 0.692857 0.402761 0.128531 0.283302
0 0.235105 0.36896 0.105743 0.269338
0 0.414526 0.329728 0.102822 0.252344
0 0.861281 0.25116 0.111425 0.165333
0 0.157462 0.280815 0.11337 0.138707
0 0.883057 0.335227 0.0763813 0.249794
0 0.635033 0.279792 0.133281 0.174229
0 0.106963 0.413352 0.213217 0.304322
0 0.554826 0.29157 0.115745 0.210987
0 0.175261 0.449459 0.0778911 0.229656
0 0.60029 0.283557 0.204008 0.194761
0 0.0498809 0.291874 0.0993153 0.0542248