0 0.51451 0.611021 0.396083 0.609121
0 0.108796 0.441903 0.216861 0.417083
0 0.248352 0.391544 0.0866971 0.226247
0 0.454953 0.296084 0.118474 0.250117
0 0.86703 0.217055 0.0957733 0.156831
0 0.7142 0.205795 0.121979 0.120045
0 0.720335 0.371907 0.101953 0.273254
0 0.279416 0.307653 0.114053 0.265212
0 0.968368 0.306114 0.0622002 0.265352
0 0.628364 0.264121 0.13082 0.123766
0 0.719873 0.371361 0.103552 0.271453
0 0.0600912 0.235368 0.118249 0.0688773
0 0.507705 0.24772 0.0458054 0.189524
0 0.286828 0.300533 0.155208 0.274408
0 0.249535 0.22233 0.0845096 0.133965