0 0.103447 0.461972 0.206477 0.42291
0 0.498268 0.577115 0.381771 0.676464
0 0.860721 0.234598 0.0953125 0.154546
0 0.243427 0.412153 0.0935048 0.226116
0 0.711404 0.276487 0.121858 0.20598
0 0.966996 0.323907 0.0649565 0.265109
0 0.449749 0.314671 0.122338 0.249947
0 0.271364 0.332084 0.11973 0.249261
0 0.707257 0.404004 0.0997477 0.298981
0 0.613254 0.283816 0.132203 0.124614
0 0.51382 0.250953 0.0674552 0.154565
0 0.0525091 0.256536 0.104768 0.0657421
0 0.282104 0.316565 0.16095 0.270936
0 0.249582 0.242169 0.0997744 0.135811