0 0.491214 0.633028 0.397811 0.56802
0 0.122285 0.481999 0.243783 0.416359
0 0.302137 0.351881 0.169079 0.258977
0 0.856394 0.261562 0.156968 0.159593
0 0.725666 0.310883 0.111946 0.229895
0 0.676863 0.433839 0.111563 0.287631
0 0.629653 0.302171 0.122996 0.116629
0 0.97538 0.33149 0.0480221 0.227228
0 0.4645 0.329018 0.122976 0.230831
0 0.265054 0.434406 0.0927308 0.220246
0 0.517829 0.282427 0.0480017 0.174339
0 0.0610305 0.276079 0.0814395 0.0515271
0 0.977942 0.385935 0.043417 0.119704
0 0.0179883 0.271569 0.0358843 0.06152