0 0.487496 0.627769 0.393629 0.578984
0 0.115862 0.472703 0.23109 0.420825
0 0.852493 0.246571 0.137274 0.150205
0 0.9742 0.331698 0.0504932 0.248994
0 0.451259 0.327122 0.108951 0.243588
0 0.681095 0.422305 0.0983947 0.293855
0 0.719607 0.300566 0.116578 0.228173
0 0.287115 0.346243 0.155946 0.245176
0 0.623251 0.29227 0.119464 0.11683
0 0.511151 0.277508 0.0475616 0.180456
0 0.258715 0.426455 0.0834743 0.231112
0 0.0245821 0.257773 0.0490639 0.0700393
0 0.0691402 0.260904 0.0573987 0.0402778
0 0.280607 0.262226 0.13756 0.146351
0 0.263258 0.222708 0.102857 0.0716902