0 0.452697 0.634753 0.403094 0.566013
0 0.123011 0.48771 0.245336 0.412507
0 0.954167 0.354796 0.0907906 0.239146
0 0.746215 0.329197 0.0986836 0.24177
0 0.833248 0.285617 0.0988247 0.17463
0 0.649243 0.402027 0.155855 0.30673
0 0.481231 0.31554 0.0840275 0.181914
0 0.300055 0.443172 0.108349 0.218579
0 0.537387 0.285535 0.0502178 0.163021
0 0.281185 0.4012 0.16094 0.312774
0 0.624988 0.459532 0.13575 0.304175
0 0.0684106 0.280545 0.090997 0.0508106
0 0.300736 0.240947 0.109842 0.0687049
0 0.313182 0.306515 0.132645 0.195465