0 0.465346 0.642124 0.400058 0.552708
0 0.112566 0.500116 0.224218 0.410817
0 0.292978 0.390208 0.156592 0.264213
0 0.850573 0.294719 0.0964785 0.173391
0 0.312284 0.460605 0.0925389 0.22934
0 0.963765 0.363891 0.0714796 0.239705
0 0.622299 0.467268 0.188516 0.319702
0 0.0759095 0.293499 0.0952861 0.0506873
0 0.499234 0.323286 0.0727547 0.175459
0 0.769888 0.352772 0.137476 0.356683
0 0.659772 0.397794 0.132444 0.27874
0 0.319327 0.271133 0.107407 0.10767
0 0.319378 0.302347 0.106546 0.166472
0 0.773843 0.325029 0.124707 0.27422
0 0.548329 0.283332 0.0578871 0.135653