0 0.460813 0.659856 0.407025 0.51448
0 0.11353 0.529097 0.22638 0.415359
0 0.597215 0.507947 0.181832 0.306864
0 0.51189 0.349181 0.075466 0.165171
0 0.971904 0.395963 0.0550705 0.238084
0 0.675642 0.43997 0.15523 0.303234
0 0.320863 0.486332 0.095314 0.215738
0 0.56835 0.307216 0.0482067 0.120928
0 0.780145 0.371952 0.0920116 0.240968
0 0.87841 0.326019 0.119403 0.17611
0 0.291947 0.394114 0.151697 0.212073
0 0.0814174 0.324623 0.0930401 0.055035
0 0.333415 0.343544 0.106129 0.190327
0 0.325195 0.304095 0.0921775 0.112041
0 0.806318 0.23309 0.0197967 0.0548031
0 0.368059 0.296411 0.0258758 0.0535853