0 0.487967 0.653556 0.400128 0.527112
0 0.125908 0.529949 0.25122 0.413306
0 0.703056 0.439102 0.153215 0.306385
0 0.3231 0.420169 0.184925 0.277028
0 0.615853 0.434779 0.222166 0.172214
0 0.893923 0.324069 0.105895 0.179214
0 0.538056 0.327942 0.0756041 0.123579
0 0.97034 0.393093 0.0582222 0.226588
0 0.352151 0.476284 0.0935699 0.203218
0 0.59961 0.300039 0.0528914 0.105915
0 0.810194 0.368624 0.105959 0.245642
0 0.108946 0.321864 0.0929173 0.0527055
0 0.353507 0.282248 0.0852683 0.0697587
0 0.363994 0.344285 0.106425 0.194353