0 0.635198 0.646382 0.395154 0.542778
0 0.20471 0.513794 0.280855 0.400826
0 0.472552 0.400673 0.194067 0.280806
0 0.0219591 0.404079 0.0436107 0.305468
0 0.757929 0.284549 0.0591656 0.108887
0 0.865383 0.425932 0.161041 0.309012
0 0.693143 0.302182 0.074059 0.0974346
0 0.746157 0.444569 0.22923 0.221853
0 0.498986 0.461375 0.0839394 0.201721
0 0.531266 0.330658 0.131255 0.196264
0 0.963449 0.35801 0.0721558 0.258198
0 0.868465 0.237615 0.0224777 0.0789185
0 0.266265 0.306817 0.0816656 0.0489141