0 0.634335 0.37619 0.172292 0.240966
0 0.334195 0.372502 0.157497 0.241598
0 0.904929 0.355483 0.189509 0.217705
0 0.241295 0.300138 0.139449 0.169345
0 0.478908 0.251991 0.109697 0.125779
0 0.0296784 0.355722 0.0590302 0.202102
0 0.179329 0.264611 0.103946 0.134042
0 0.524975 0.32097 0.141094 0.135081
0 0.646296 0.244075 0.0938766 0.0468938
0 0.344941 0.221022 0.0959999 0.0835932
0 0.0228452 0.228333 0.0456904 0.0798481
0 0.332761 0.213502 0.12142 0.0979038
0 0.022576 0.228012 0.0448646 0.0797532