0 0.391396 0.375222 0.153575 0.244054
0 0.686857 0.380148 0.188096 0.24387
0 0.928468 0.352222 0.142023 0.199381
0 0.532923 0.255528 0.112481 0.127008
0 0.296399 0.29977 0.144152 0.167382
0 0.0585478 0.254927 0.101515 0.155105
0 0.0817087 0.349606 0.0614352 0.196643
0 0.0363608 0.483437 0.072634 0.297746
0 0.575428 0.323619 0.0850608 0.130659
0 0.389327 0.214031 0.115285 0.0960601
0 0.703011 0.247142 0.0953653 0.047092
0 0.407281 0.220554 0.0808508 0.0827134
0 0.244509 0.234188 0.0763688 0.0830391
0 0.237046 0.22575 0.0903904 0.107978