0 0.389383 0.36488 0.154889 0.243216
0 0.684341 0.369014 0.183636 0.238944
0 0.29087 0.290603 0.137837 0.166461
0 0.932175 0.342324 0.134631 0.202282
0 0.527645 0.245619 0.118283 0.129338
0 0.0753467 0.340988 0.0683061 0.192855
0 0.583384 0.311684 0.107782 0.127101
0 0.0571223 0.244923 0.0988032 0.143483
0 0.034672 0.461366 0.069159 0.260405
0 0.699864 0.235608 0.0957316 0.0461981
0 0.405833 0.212197 0.0686147 0.083132
0 0.241242 0.242985 0.0737182 0.116499
0 0.376987 0.204763 0.127176 0.0968558