0 0.481052 0.371107 0.173926 0.234677
0 0.191917 0.340974 0.0546975 0.197853
0 0.767468 0.384153 0.2008 0.226524
0 0.118692 0.455303 0.123652 0.265647
0 0.377027 0.297056 0.13951 0.167339
0 0.634853 0.260156 0.104296 0.126858
0 0.155895 0.244505 0.095514 0.138901
0 0.805231 0.257538 0.101705 0.0477882
0 0.976963 0.40526 0.0456196 0.13993
0 0.3306 0.258567 0.118324 0.119596
0 0.680058 0.326671 0.142016 0.125432
0 0.52065 0.228608 0.0711522 0.0849238
0 0.329374 0.284758 0.119272 0.173167
0 0.354905 0.292425 0.0979517 0.161793