0 0.45542 0.349145 0.205155 0.224207
0 0.78555 0.378835 0.226053 0.24139
0 0.954053 0.344363 0.0910103 0.173222
0 0.192319 0.328642 0.0674051 0.201373
0 0.369204 0.27607 0.128662 0.149313
0 0.10284 0.433925 0.0967576 0.26352
0 0.320213 0.253647 0.119545 0.141979
0 0.671578 0.319018 0.142513 0.131425
0 0.526338 0.227852 0.0623089 0.10323
0 0.808468 0.251598 0.10271 0.0535404
0 0.630874 0.248415 0.116889 0.125542
0 0.15354 0.229459 0.106052 0.141488
0 0.622404 0.272979 0.13289 0.174855
0 0.647878 0.316247 0.107428 0.127089
0 0.802727 0.364976 0.142265 0.266723