0 0.776514 0.383103 0.203303 0.24171
0 0.433713 0.355237 0.148669 0.222088
0 0.940367 0.344552 0.118101 0.182156
0 0.117951 0.440301 0.0881501 0.253808
0 0.187969 0.334569 0.0604423 0.187522
0 0.636775 0.253222 0.118353 0.12385
0 0.155535 0.251298 0.0868458 0.155894
0 0.369829 0.292778 0.13679 0.161002
0 0.812013 0.252241 0.0974401 0.0485335
0 0.537045 0.232446 0.055362 0.101996
0 0.324616 0.264121 0.112099 0.137654
0 0.68972 0.3268 0.177123 0.142663
0 0.654462 0.326736 0.104509 0.132165
0 0.552423 0.233361 0.0865621 0.102598