0 0.768038 0.43255 0.18094 0.238484
0 0.87638 0.373894 0.109164 0.181905
0 0.109995 0.379545 0.131789 0.193636
0 0.958819 0.423292 0.0813229 0.208284
0 0.323707 0.355682 0.109438 0.172012
0 0.702028 0.314777 0.112593 0.13675
0 0.382792 0.372821 0.0894331 0.182911
0 0.184191 0.431242 0.0587306 0.176717
0 0.428033 0.329559 0.0886468 0.142979
0 0.240331 0.300784 0.0958435 0.139498
0 0.602361 0.283384 0.113704 0.128558
0 0.0263353 0.31649 0.0525096 0.157808
0 0.0117399 0.315153 0.0234674 0.157002
0 0.516313 0.27622 0.0308356 0.115082