0 0.876552 0.405506 0.108218 0.182052
0 0.762823 0.454268 0.162795 0.224827
0 0.116947 0.401479 0.139507 0.187747
0 0.702396 0.33964 0.111899 0.131126
0 0.959214 0.456881 0.080575 0.223134
0 0.429967 0.353634 0.0892432 0.136172
0 0.377902 0.399641 0.109021 0.178436
0 0.0163792 0.343032 0.0324926 0.163622
0 0.248897 0.313494 0.107089 0.123865
0 0.324156 0.379739 0.122493 0.166464
0 0.192022 0.44784 0.0704779 0.171858
0 0.60991 0.319762 0.097155 0.111357
0 0.528784 0.302756 0.038121 0.125372
0 0.57203 0.293839 0.044105 0.097762
0 0.788086 0.319735 0.0288329 0.0579742