0 0.680155 0.449114 0.142535 0.191792
0 0.775753 0.372261 0.0997757 0.118662
0 0.444205 0.442667 0.100896 0.166972
0 0.519047 0.485954 0.0704855 0.14391
0 0.963627 0.449852 0.0721231 0.0995483
0 0.647986 0.426592 0.162816 0.172766
0 0.954155 0.385713 0.0910208 0.137352
0 0.127037 0.327209 0.0318287 0.149319
0 0.278315 0.489123 0.108414 0.293223
0 0.563432 0.374593 0.0636393 0.133852
0 0.358389 0.394542 0.0566308 0.148121
0 0.920717 0.352313 0.0600777 0.14735
0 0.278544 0.488366 0.108333 0.294371
0 0.357769 0.394651 0.0554424 0.147623
0 0.102388 0.32622 0.0295723 0.152173