0 0.906649 0.434711 0.117039 0.155254
0 0.68586 0.472799 0.134253 0.188905
0 0.74812 0.39763 0.087896 0.1078
0 0.451282 0.468523 0.0829299 0.179247
0 0.963225 0.482965 0.0728909 0.118824
0 0.534001 0.514257 0.0669894 0.167576
0 0.636465 0.447616 0.124851 0.165414
0 0.148426 0.347332 0.036971 0.137085
0 0.283136 0.504192 0.0937771 0.280802
0 0.120808 0.34921 0.0319271 0.145621
0 0.377424 0.416485 0.0512922 0.14735
0 0.617592 0.411194 0.163762 0.153829
0 0.376833 0.416202 0.0524982 0.148518
0 0.57587 0.399512 0.0623953 0.134957