0 0.25488 0.497759 0.124174 0.261131
0 0.448032 0.477339 0.0998385 0.18239
0 0.806639 0.459742 0.130321 0.171766
0 0.357541 0.422603 0.0782042 0.145055
0 0.678323 0.481337 0.144207 0.192559
0 0.521117 0.530611 0.0476081 0.174427
0 0.906483 0.490531 0.132604 0.128666
0 0.601017 0.409366 0.121929 0.138656
0 0.110589 0.360104 0.032968 0.136636
0 0.147197 0.357403 0.0295023 0.141569
0 0.616659 0.456712 0.110258 0.165613
0 0.710077 0.386168 0.0785652 0.0561774
0 0.977975 0.459849 0.0435471 0.111316
0 0.147047 0.357777 0.0286014 0.142141