0 0.253836 0.487472 0.127377 0.247557
0 0.441266 0.478834 0.0915944 0.178417
0 0.654371 0.482648 0.164592 0.190255
0 0.356277 0.420948 0.0870805 0.14358
0 0.89504 0.507004 0.155973 0.144809
0 0.530629 0.52709 0.0611519 0.182577
0 0.146088 0.348409 0.0286144 0.14474
0 0.755211 0.456954 0.164135 0.183505
0 0.117592 0.350518 0.0328977 0.146675
0 0.776831 0.461508 0.120042 0.17648
0 0.604082 0.397716 0.131658 0.108298
0 0.97591 0.465816 0.047707 0.13248
0 0.604369 0.419408 0.136912 0.144812
0 0.704677 0.387016 0.0689957 0.0442164