0 0.436402 0.470006 0.263227 0.395058
0 0.868191 0.346604 0.0815685 0.140615
0 0.623053 0.299032 0.0875133 0.147569
0 0.358453 0.312584 0.156138 0.186667
0 0.675449 0.279899 0.0684076 0.123357
0 0.491339 0.25082 0.0471106 0.0790261
0 0.851663 0.266976 0.0414936 0.0579441
0 0.730746 0.328117 0.0789755 0.100925
0 0.596618 0.259287 0.0468252 0.0797565
0 0.771317 0.318871 0.129245 0.21214
0 0.0852595 0.276619 0.104203 0.173283
0 0.778727 0.329298 0.0623878 0.234275
0 0.439301 0.243443 0.0672142 0.0882636