0 0.119687 0.307524 0.102033 0.175495
0 0.411082 0.470038 0.240723 0.417526
0 0.737532 0.329961 0.0976183 0.0915611
0 0.358801 0.331498 0.151045 0.193656
0 0.523297 0.288792 0.0580222 0.133893
0 0.964604 0.25339 0.033609 0.147152
0 0.881608 0.284944 0.0531059 0.100545
0 0.626786 0.306187 0.101077 0.152149
0 0.452653 0.255192 0.0773321 0.0811102
0 0.0141497 0.463346 0.0276677 0.0496574
0 0.832092 0.325845 0.0525267 0.216857
0 0.45215 0.2552 0.0759121 0.0818281
0 0.378157 0.270608 0.110872 0.0630786
0 0.870791 0.337356 0.0424896 0.126947