0 0.193697 0.358802 0.0900592 0.177293
0 0.0304387 0.465168 0.0605145 0.313992
0 0.581754 0.349543 0.0618102 0.126377
0 0.680122 0.370681 0.0816853 0.143079
0 0.926614 0.40554 0.0681351 0.218108
0 0.769579 0.404405 0.104583 0.0958187
0 0.867634 0.39457 0.0616571 0.0909056
0 0.506382 0.307896 0.0695007 0.0699671
0 0.390253 0.488927 0.145372 0.349045
0 0.741244 0.340065 0.0596582 0.0962764
0 0.805052 0.342253 0.0856331 0.0666031
0 0.873008 0.32598 0.0568981 0.0582242
0 0.440747 0.366572 0.117201 0.147836
0 0.804276 0.363607 0.0888275 0.109364