0 0.252134 0.389494 0.147716 0.290823
0 0.90188 0.406597 0.109633 0.130928
0 0.588133 0.296959 0.0791655 0.11456
0 0.405736 0.300437 0.0976598 0.107172
0 0.50312 0.401206 0.0677393 0.208589
0 0.465628 0.34199 0.167292 0.15607
0 0.820734 0.348478 0.0952098 0.170675
0 0.690555 0.309579 0.0725389 0.114055
0 0.945055 0.370201 0.106561 0.17476
0 0.921678 0.304258 0.100624 0.0932989
0 0.00672309 0.417079 0.0134462 0.0555544
0 0.947778 0.315794 0.102424 0.0680968
0 0.477263 0.37165 0.191061 0.219591
0 0.987884 0.394772 0.0235044 0.132112
0 0.70839 0.265107 0.0388828 0.0628669