0 0.236918 0.372285 0.163841 0.290229
0 0.421385 0.323309 0.182864 0.158884
0 0.506688 0.378645 0.0743162 0.188641
0 0.667925 0.277979 0.0740964 0.132596
0 0.545976 0.257127 0.0969995 0.0809083
0 0.782428 0.321069 0.0774525 0.171793
0 0.376531 0.273596 0.0947113 0.0882445
0 0.878684 0.378249 0.109026 0.12958
0 0.879746 0.379485 0.109632 0.128343
0 0.897865 0.278475 0.0967901 0.0978214
0 0.897132 0.277902 0.0959934 0.0958939
0 0.92834 0.341627 0.122361 0.178624
0 0.980413 0.369028 0.0383663 0.122196