0 0.186492 0.425737 0.288136 0.270124
0 0.340764 0.346369 0.0765392 0.159493
0 0.481972 0.369895 0.088448 0.189387
0 0.912754 0.40924 0.125375 0.13601
0 0.252831 0.340761 0.104456 0.151706
0 0.981192 0.41064 0.0370724 0.0961234
0 0.522938 0.312116 0.0485778 0.110188
0 0.734855 0.398339 0.0723604 0.143391
0 0.555318 0.304307 0.0268429 0.0880358
0 0.811934 0.334286 0.101741 0.0736629
0 0.684098 0.319154 0.0713587 0.111276
0 0.909766 0.297768 0.0268269 0.0522074
0 0.803456 0.32178 0.119231 0.0855872