0 0.670968 0.321989 0.113748 0.127823
0 0.961735 0.277694 0.0383789 0.181161
0 0.436084 0.324558 0.0778833 0.185917
0 0.190129 0.407553 0.207331 0.254892
0 0.530999 0.251409 0.0551611 0.0845302
0 0.782245 0.306523 0.0967302 0.0960232
0 0.850638 0.312245 0.0555252 0.0900493
0 0.874977 0.215284 0.0264915 0.0657257
0 0.287899 0.308296 0.0825339 0.160023
0 0.480477 0.254266 0.0512077 0.0862853
0 0.592852 0.255114 0.0557074 0.0681875
0 0.780443 0.30469 0.0949968 0.0913243
0 0.480774 0.254013 0.0505239 0.0876623
0 0.206685 0.263588 0.06992 0.054492
0 0.661023 0.246235 0.116133 0.0611387