0 0.158207 0.499347 0.0734353 0.152229
0 0.0337788 0.504073 0.0667279 0.138487
0 0.274949 0.463554 0.0630717 0.105886
0 0.409457 0.487115 0.0480227 0.101551
0 0.306287 0.509967 0.0687644 0.0911558
0 0.109728 0.457245 0.0545552 0.111418
0 0.438338 0.41564 0.0691227 0.0794072
0 0.327735 0.451329 0.0539671 0.0584817
0 0.438601 0.435794 0.0698883 0.120387
0 0.445597 0.359829 0.0141004 0.0505252
0 0.717003 0.389934 0.0416949 0.175858
0 0.725019 0.390336 0.0586086 0.179122
0 0.237346 0.438046 0.0486172 0.0859057