0 0.292632 0.463398 0.0478481 0.115819
0 0.595724 0.345581 0.0427116 0.187538
0 0.328036 0.385846 0.054843 0.0911211
0 0.14828 0.443711 0.0594806 0.131516
0 0.178137 0.491297 0.059984 0.118358
0 0.226544 0.437515 0.0491699 0.107259
0 0.369463 0.341536 0.0222711 0.11339
0 0.0304956 0.478457 0.0609342 0.174415
0 0.180129 0.391105 0.0453326 0.0951401
0 0.633475 0.348021 0.031402 0.11633
0 0.116261 0.408414 0.0302224 0.095373
0 0.247119 0.350317 0.0188132 0.068375
0 0.633284 0.36777 0.0338953 0.146216