0 0.127802 0.465085 0.0910319 0.176884
0 0.020456 0.454695 0.0405769 0.13991
0 0.424694 0.375406 0.0458541 0.0953061
0 0.387727 0.446774 0.0463313 0.110292
0 0.327004 0.415189 0.0477009 0.0872557
0 0.673756 0.333815 0.0431318 0.187381
0 0.733668 0.334148 0.0320814 0.115437
0 0.244584 0.428986 0.0627367 0.131506
0 0.473822 0.315736 0.0236601 0.0937341
0 0.274559 0.470468 0.0535405 0.110835
0 0.0919101 0.385529 0.0572258 0.0606001
0 0.282949 0.3726 0.041353 0.0835659
0 0.358422 0.357157 0.0225905 0.099832