0 0.139027 0.40288 0.0669195 0.141112
0 0.787923 0.305073 0.0365266 0.189006
0 0.506432 0.408635 0.0474962 0.115958
0 0.24632 0.412009 0.077916 0.173166
0 0.369519 0.378171 0.0564879 0.120271
0 0.874262 0.309446 0.0275881 0.10979
0 0.548692 0.331643 0.041239 0.0816452
0 0.451017 0.375189 0.0424398 0.0915558
0 0.397425 0.427431 0.0516942 0.104839
0 0.610333 0.267495 0.0202487 0.0880165
0 0.408226 0.33234 0.0398423 0.0914281
0 0.230288 0.329049 0.0545563 0.0481632
0 0.348099 0.340721 0.0391768 0.0839293
0 0.596346 0.322496 0.0262177 0.0590168