0 0.40894 0.362945 0.0410169 0.08516
0 0.35371 0.420573 0.0523841 0.104513
0 0.464898 0.396598 0.0473719 0.115074
0 0.735546 0.276454 0.0373708 0.185131
0 0.19779 0.413877 0.0787982 0.174894
0 0.566226 0.250728 0.0207425 0.095241
0 0.505411 0.313397 0.0421261 0.0815419
0 0.829198 0.272568 0.0287785 0.111814
0 0.363339 0.324425 0.0425662 0.0963432
0 0.0913737 0.409485 0.0687648 0.143981
0 0.0910714 0.410373 0.0677818 0.143801
0 0.315579 0.376878 0.0634834 0.121941
0 0.187352 0.332847 0.0597178 0.0492351