0 0.793732 0.431413 0.0328379 0.158532
0 0.731668 0.447832 0.0331263 0.0836265
0 0.030449 0.52182 0.0605565 0.269547
0 0.561316 0.541213 0.0404236 0.105418
0 0.328095 0.474377 0.0637253 0.102773
0 0.440639 0.498103 0.0707233 0.171628
0 0.591366 0.468427 0.0756007 0.118576
0 0.60801 0.515471 0.0433497 0.0846805
0 0.440329 0.498284 0.07064 0.171844
0 0.577164 0.468867 0.0479353 0.116285
0 0.928404 0.333299 0.020982 0.107364
0 0.560528 0.540731 0.0398273 0.10658
0 0.607187 0.515334 0.0428577 0.0856372