0 0.494493 0.382125 0.0931532 0.112782
0 0.315183 0.482622 0.0733339 0.110701
0 0.415704 0.449311 0.0615965 0.0858748
0 0.0318683 0.421876 0.0636802 0.13552
0 0.562154 0.366254 0.0749627 0.108779
0 0.668077 0.364169 0.0764816 0.126303
0 0.17608 0.454992 0.065558 0.185755
0 0.975134 0.332803 0.0284395 0.141626
0 0.759315 0.340469 0.0390356 0.0956199
0 0.785792 0.335078 0.0313483 0.0921427
0 0.723101 0.343756 0.0435511 0.105883
0 0.145328 0.377204 0.0428262 0.076722
0 0.655736 0.369602 0.0524907 0.107829
0 0.644074 0.346219 0.036462 0.0945234
0 0.683095 0.365905 0.0482904 0.130319
0 0.808893 0.330115 0.0253418 0.0709689