0 0.248406 0.638489 0.0731386 0.191521
0 0.113797 0.607664 0.07307 0.13305
0 0.578705 0.562422 0.113627 0.121104
0 0.485339 0.642943 0.0597904 0.107912
0 0.845111 0.513972 0.0359577 0.0951134
0 0.387518 0.664245 0.0656567 0.11552
0 0.387726 0.664279 0.0653865 0.1152
0 0.647728 0.548046 0.0589397 0.119294
0 0.873009 0.503957 0.0340683 0.0839156
0 0.897022 0.495264 0.0213032 0.0532701
0 0.2281 0.561493 0.0415109 0.0721058
0 0.0125301 0.618095 0.0250587 0.117527
0 0.0103656 0.577733 0.0206359 0.0375753
0 0.751572 0.550302 0.0869658 0.131815