0 0.135408 0.432568 0.0783006 0.107214
0 0.41834 0.317809 0.11122 0.123504
0 0.263896 0.402687 0.0739137 0.0878595
0 0.0245846 0.373845 0.0488254 0.171293
0 0.0268009 0.370475 0.0532008 0.169627
0 0.683947 0.270968 0.0666126 0.0835454
0 0.26446 0.402717 0.0740199 0.0887755
0 0.546152 0.301607 0.0636852 0.0820956
0 0.595422 0.299957 0.0645778 0.135623
0 0.88836 0.275271 0.0282021 0.144419
0 0.546347 0.301 0.0628727 0.0797429
0 0.595438 0.299565 0.064966 0.135622
0 0.888536 0.275095 0.0284077 0.145514