0 0.444368 0.407307 0.127335 0.14196
0 0.614525 0.377759 0.0430376 0.110903
0 0.900539 0.34837 0.0309935 0.170288
0 0.231348 0.512244 0.0902714 0.177847
0 0.322887 0.374433 0.0517904 0.0691299
0 0.687436 0.361104 0.0735887 0.100611
0 0.670105 0.345864 0.0390836 0.0671673
0 0.704817 0.359822 0.0378792 0.0998922
0 0.588827 0.342734 0.0370423 0.0659937
0 0.108466 0.502556 0.07507 0.0823535
0 0.108506 0.50271 0.0756149 0.083546
0 0.540366 0.384494 0.0667976 0.0935171
0 0.0263608 0.450058 0.0523816 0.176673
0 0.557658 0.341364 0.0317854 0.0492553
0 0.231561 0.521417 0.0882972 0.166972
0 0.588738 0.36368 0.0386929 0.103643
0 0.701965 0.358477 0.0990585 0.112855