0 0.0569426 0.661042 0.113375 0.211509
0 0.974527 0.607699 0.0498264 0.340375
0 0.295337 0.541717 0.0616269 0.125443
0 0.107897 0.625956 0.173251 0.268647
0 0.414889 0.613039 0.0946637 0.267019
0 0.974669 0.610519 0.0501616 0.327288
0 0.710162 0.663279 0.0500547 0.197639
0 0.767488 0.638384 0.0495616 0.188672
0 0.566628 0.457009 0.0263701 0.0659732
0 0.655059 0.60832 0.0737629 0.236614
0 0.654998 0.609984 0.0736958 0.236502
0 0.374437 0.562012 0.0775817 0.144553
0 0.374224 0.561943 0.0778699 0.142487
0 0.112741 0.570495 0.16392 0.158345