0 0.879958 0.513642 0.0628071 0.349975
0 0.341448 0.574366 0.096923 0.267669
0 0.212431 0.511438 0.0589783 0.137346
0 0.0656807 0.591963 0.130659 0.259882
0 0.691988 0.573379 0.0463442 0.191596
0 0.580801 0.540974 0.0721719 0.245627
0 0.306271 0.506937 0.0601991 0.119575
0 0.580662 0.540962 0.0726055 0.245413
0 0.625389 0.594463 0.0516014 0.191426
0 0.485498 0.402283 0.0264778 0.0629531
0 0.625722 0.593314 0.0519184 0.19069
0 0.0317179 0.653591 0.0631561 0.145557
0 0.372879 0.416934 0.0978833 0.177936
0 0.0651005 0.538592 0.129171 0.150791
0 0.691866 0.572732 0.0465402 0.190645