0 0.102028 0.661408 0.204056 0.23011
0 0.953938 0.516397 0.0682997 0.333277
0 0.302882 0.532718 0.0646026 0.137734
0 0.784087 0.583802 0.0495562 0.193999
0 0.172188 0.550047 0.178464 0.130493
0 0.431899 0.567201 0.0946644 0.269044
0 0.459574 0.425022 0.0933485 0.163664
0 0.663203 0.541705 0.075671 0.231628
0 0.662325 0.548138 0.0738287 0.218092
0 0.714926 0.59867 0.0482597 0.187503
0 0.714976 0.598326 0.0479425 0.189464
0 0.580463 0.422478 0.026899 0.071729
0 0.580233 0.421469 0.0266565 0.0697209
0 0.642507 0.430919 0.0397729 0.0877652