0 0.709378 0.394824 0.0563015 0.306554
0 0.216818 0.468909 0.113952 0.250061
0 0.556376 0.465543 0.0696613 0.181451
0 0.455332 0.434878 0.100234 0.204519
0 0.383511 0.313123 0.0270851 0.0666744
0 0.254486 0.309723 0.0990617 0.161875
0 0.508673 0.485597 0.0530939 0.186129
0 0.0408115 0.437501 0.0813191 0.143416
0 0.0886511 0.424282 0.05924 0.138837
0 0.440417 0.332762 0.0421396 0.0981073
0 0.428398 0.334372 0.0247956 0.0980692
0 0.44565 0.329374 0.0314588 0.092567
0 0.447822 0.320871 0.0265839 0.0757807