0 0.505039 0.444618 0.223558 0.318423
0 0.804126 0.354709 0.0402781 0.254585
0 0.202388 0.391226 0.0994201 0.179501
0 0.391104 0.39541 0.186605 0.189173
0 0.726487 0.371087 0.0310892 0.121833
0 0.524714 0.332285 0.0977026 0.0657468
0 0.780053 0.298255 0.0200409 0.0768322
0 0.68832 0.283663 0.0207278 0.0658601
0 0.736269 0.34757 0.0588598 0.156943
0 0.647909 0.263036 0.025211 0.0475188
0 0.727051 0.357415 0.0396402 0.148929
0 0.747079 0.363065 0.0426301 0.126279
0 0.753478 0.370974 0.0301693 0.106777