0 0.63847 0.521007 0.141547 0.288787
0 0.387499 0.432002 0.0728183 0.21632
0 0.264923 0.446023 0.068668 0.156919
0 0.575192 0.374293 0.0630691 0.12413
0 0.0577468 0.451497 0.0876584 0.221841
0 0.192823 0.401474 0.0741469 0.137279
0 0.124342 0.4539 0.121081 0.240155
0 0.45471 0.33497 0.0595273 0.106446
0 0.306367 0.374571 0.0230824 0.0699101
0 0.48106 0.335625 0.0367642 0.10791
0 0.228066 0.35414 0.0443645 0.0751991
0 0.420385 0.341787 0.0330648 0.0951216
0 0.28221 0.369002 0.0404867 0.0815195
0 0.290693 0.372552 0.0564323 0.089618
0 0.507941 0.318096 0.0224676 0.0718222
0 0.342352 0.341787 0.0234678 0.0558869
0 0.302748 0.374478 0.032493 0.0767554