0 0.552325 0.44605 0.122847 0.314739
0 0.204934 0.380087 0.0811519 0.172398
0 0.311904 0.351266 0.10222 0.242405
0 0.554381 0.264278 0.0608215 0.0895443
0 0.0489916 0.401164 0.0974262 0.259484
0 0.23039 0.3124 0.0419921 0.149365
0 0.112749 0.321157 0.10336 0.153458
0 0.171101 0.274992 0.0469586 0.0964997
0 0.954238 0.211988 0.0911781 0.127334
0 0.429417 0.24972 0.0691087 0.112745
0 0.25513 0.288649 0.0200177 0.0619685
0 0.508652 0.2268 0.0394552 0.0777594
0 0.383974 0.252748 0.0369637 0.0972104
0 0.474838 0.228914 0.0257397 0.0753392