0 0.589188 0.545215 0.102459 0.32845
0 0.0626893 0.573567 0.124863 0.354325
0 0.667245 0.377153 0.104688 0.173506
0 0.181711 0.450192 0.120917 0.171932
0 0.385886 0.444486 0.0846889 0.247608
0 0.265277 0.520109 0.0584359 0.212944
0 0.532561 0.329271 0.065648 0.117533
0 0.258261 0.389312 0.0525029 0.110062
0 0.312616 0.417596 0.0362657 0.150738
0 0.480542 0.341071 0.0436026 0.0965458
0 0.608344 0.298116 0.0374925 0.0887057
0 0.599955 0.298729 0.0539457 0.0888276
0 0.686213 0.263983 0.0707575 0.0833159
0 0.669042 0.28007 0.0599443 0.0633511