0 0.157967 0.556586 0.0583897 0.228232
0 0.499736 0.590701 0.112418 0.341943
0 0.289184 0.479685 0.0894827 0.24302
0 0.158054 0.409996 0.0592045 0.127313
0 0.0679066 0.468404 0.131369 0.191043
0 0.451109 0.372944 0.0724489 0.149091
0 0.220922 0.428787 0.0410028 0.163099
0 0.599028 0.418967 0.0920233 0.178534
0 0.332276 0.370317 0.0333442 0.102313
0 0.534632 0.332594 0.0519291 0.0882678
0 0.50443 0.327884 0.0468195 0.0908839
0 0.603452 0.301569 0.0794363 0.0836584
0 0.607328 0.283995 0.0689093 0.0485273
0 0.403508 0.367522 0.0410774 0.0997813
0 0.592047 0.320142 0.0684641 0.0647554
0 0.544825 0.389113 0.037043 0.0660451
0 0.324211 0.371024 0.0503773 0.103285
0 0.0137517 0.491941 0.0275035 0.135172