0 0.408576 0.509224 0.0973944 0.342734
0 0.204418 0.393312 0.0934175 0.262935
0 0.062077 0.501336 0.102902 0.289191
0 0.0751056 0.315819 0.0682468 0.149179
0 0.139716 0.33214 0.0510423 0.164687
0 0.565177 0.370308 0.114184 0.197849
0 0.41728 0.286151 0.0803906 0.134215
0 0.279993 0.285396 0.0308235 0.112694
0 0.485456 0.260792 0.0637032 0.0945789
0 0.357306 0.285912 0.0487813 0.115596
0 0.250065 0.268513 0.0364072 0.074035
0 0.326369 0.265504 0.0252513 0.0631895
0 0.560023 0.25469 0.10114 0.0682217
0 0.546624 0.256783 0.0754517 0.0665437
0 0.0129538 0.368147 0.0258473 0.171174