0 0.479793 0.611473 0.0901467 0.334536
0 0.613129 0.449542 0.115366 0.194005
0 0.219426 0.453139 0.0403845 0.152446
0 0.164886 0.438951 0.0588429 0.136622
0 0.471365 0.384543 0.0740933 0.126326
0 0.155906 0.600589 0.0713932 0.249625
0 0.317252 0.510031 0.122242 0.257706
0 0.548489 0.356846 0.0486207 0.0929884
0 0.0721943 0.500994 0.114366 0.196856
0 0.414738 0.387347 0.0473998 0.106624
0 0.332164 0.3968 0.0540412 0.104348
0 0.346359 0.396044 0.0263268 0.103633
0 0.512502 0.35258 0.0377068 0.091683