0 0.087088 0.618644 0.106521 0.300687
0 0.426815 0.5662 0.104098 0.345307
0 0.58115 0.40253 0.12684 0.208829
0 0.105774 0.40776 0.0717926 0.142843
0 0.234723 0.46978 0.0725402 0.266809
0 0.167676 0.421355 0.0489102 0.163766
0 0.302096 0.357233 0.0455923 0.114187
0 0.447031 0.334364 0.0784449 0.141926
0 0.386551 0.340311 0.0473101 0.120801
0 0.513297 0.305313 0.0603331 0.103887
0 0.568078 0.302278 0.098818 0.102513
0 0.260612 0.344862 0.0473342 0.0749782
0 0.0287192 0.46122 0.0571732 0.153779
0 0.35432 0.327547 0.0283379 0.0644799
0 0.0288356 0.498647 0.0576345 0.229145