0 0.152631 0.36888 0.15934 0.269328
0 0.338617 0.529385 0.120957 0.47994
0 0.942083 0.390326 0.114737 0.501856
0 0.685447 0.331899 0.155476 0.386403
0 0.497321 0.26941 0.189669 0.284605
0 0.782377 0.15975 0.0659999 0.150325
0 0.0292762 0.366711 0.0583483 0.295722
0 0.891428 0.162223 0.163766 0.152925
0 0.203111 0.696834 0.144072 0.432801
0 0.403469 0.260924 0.0991622 0.251572
0 0.203331 0.696411 0.143222 0.435924
0 0.301024 0.188245 0.0149342 0.0518962
0 0.215986 0.210899 0.0288558 0.0381754
0 0.189542 0.214244 0.0219511 0.0378956
0 0.624789 0.239023 0.0937029 0.232679