0 0.131928 0.542705 0.263101 0.531506
0 0.422718 0.500716 0.233457 0.408508
0 0.327725 0.421149 0.185466 0.360066
0 0.715284 0.331479 0.142074 0.279647
0 0.10508 0.251171 0.0587282 0.0760315
0 0.610508 0.255274 0.0431198 0.141046
0 0.535448 0.257551 0.0440393 0.125527
0 0.261548 0.225829 0.0566871 0.0724746
0 0.420818 0.250435 0.0697849 0.114896
0 0.566892 0.221201 0.0290065 0.147502
0 0.355734 0.211081 0.0467515 0.0663666
0 0.302435 0.218007 0.0475314 0.0577472
0 0.278974 0.225101 0.0929893 0.0738952