0 0.183787 0.455952 0.208864 0.365694
0 0.408291 0.355254 0.13551 0.210664
0 0.234878 0.258273 0.131573 0.145123
0 0.482889 0.286416 0.0945206 0.145271
0 0.869486 0.222892 0.0904896 0.263576
0 0.571534 0.24883 0.0658913 0.130825
0 0.024763 0.328666 0.0492413 0.0897575
0 0.643514 0.211767 0.0368183 0.125766
0 0.174086 0.195748 0.0468532 0.0721533
0 0.440525 0.20899 0.0722815 0.11132
0 0.302849 0.18535 0.052094 0.0687542
0 0.60675 0.208024 0.0448193 0.115913
0 0.675856 0.206744 0.0363074 0.130405
0 0.370574 0.232279 0.0721159 0.076693
0 0.357538 0.17851 0.0458451 0.0582203
0 0.393486 0.179001 0.0390469 0.0846099
0 0.370824 0.252996 0.0733795 0.121882
0 0.362654 0.236878 0.0578855 0.0889159