0 0.0705459 0.498313 0.140781 0.455892
0 0.402411 0.397185 0.162011 0.224843
0 0.501281 0.330643 0.114597 0.155317
0 0.308587 0.262624 0.127244 0.16294
0 0.947401 0.33769 0.0960751 0.328622
0 0.655652 0.287678 0.0648918 0.154062
0 0.433249 0.258393 0.0770818 0.092077
0 0.400323 0.191209 0.0425049 0.0708936
0 0.754867 0.274685 0.0392929 0.133131
0 0.078403 0.348423 0.156462 0.220592
0 0.452747 0.194321 0.0436337 0.0628258
0 0.721329 0.26994 0.0508796 0.136093
0 0.285704 0.167675 0.0443758 0.0374078
0 0.539401 0.198687 0.0523006 0.0755255
0 0.495299 0.22242 0.0788949 0.0784648
0 0.940545 0.191611 0.0163544 0.0472746
0 0.0786359 0.295037 0.15685 0.119267