0 0.39589 0.435853 0.149291 0.226625
0 0.490973 0.356433 0.119259 0.160593
0 0.28499 0.303361 0.149838 0.165188
0 0.0777963 0.549443 0.154768 0.504022
0 0.422339 0.291612 0.0822662 0.0976507
0 0.938025 0.347922 0.106015 0.316298
0 0.386537 0.223985 0.0402677 0.0746738
0 0.480531 0.250047 0.0811348 0.0857634
0 0.707865 0.280745 0.0454441 0.137294
0 0.441133 0.221607 0.044871 0.0638906
0 0.739225 0.285543 0.0415667 0.141395
0 0.529134 0.217579 0.0486935 0.071765
0 0.929592 0.185024 0.0161167 0.0536813
0 0.649114 0.299236 0.062263 0.150447
0 0.658101 0.298149 0.0468428 0.141131
0 0.491834 0.201756 0.0381353 0.0466326
0 0.27663 0.204606 0.0444209 0.0413651