0 0.207869 0.478306 0.170753 0.263759
0 0.161482 0.317352 0.142855 0.183887
0 0.531699 0.320045 0.0717476 0.157809
0 0.818966 0.357048 0.0896049 0.366218
0 0.329395 0.391385 0.130934 0.18564
0 0.28975 0.327584 0.0825063 0.145833
0 0.368017 0.293523 0.136137 0.163734
0 0.287975 0.229376 0.0496826 0.0708337
0 0.609732 0.304436 0.0734958 0.151318
0 0.436022 0.228905 0.0534214 0.075138
0 0.171292 0.214222 0.0569919 0.0426527
0 0.39645 0.227613 0.0328148 0.075829
0 0.771032 0.196149 0.0221941 0.0319332
0 0.733329 0.198783 0.0338934 0.0401056
0 0.35294 0.262393 0.102093 0.101847